NumMatches:5
IDs:0,1
Pose:           1  0.000594684 -0.000686281 -0.000141274
 -0.00059488            1 -0.000284286  0.000564266
 0.000686112  0.000284694            1 -0.000758701
           0            0            0            1
Match:0,0
Match:1,1
Match:2,2
Match:3,3
Match:4,4
NumMatches:5
IDs:1,2
Pose:    0.999998   0.00118917  -0.00137273 -0.000281691
 -0.00118995     0.999999 -0.000568163   0.00112883
  0.00137205  0.000569795     0.999999  -0.00151734
           0            0            0            1
Match:0,0
Match:1,1
Match:2,2
Match:3,3
Match:4,4
NumMatches:5
IDs:2,3
Pose:    0.999996   0.00178347  -0.00205935 -0.000421252
 -0.00178522     0.999998 -0.000851631    0.0016937
  0.00205782  0.000855304     0.999997  -0.00227591
           0            0            0            1
Match:0,0
Match:1,1
Match:2,2
Match:3,3
Match:4,4
NumMatches:5
IDs:3,4
Pose:    0.999993   0.00237756  -0.00274613 -0.000559957
 -0.00238068     0.999997  -0.00113469   0.00225886
  0.00274343   0.00114122     0.999996  -0.00303442
           0            0            0            1
Match:0,0
Match:1,1
Match:2,2
Match:3,3
Match:4,4
