1.0000 -0.0012 -0.0031 0.4329 0.0012 1.0000 -0.0025 -0.1124 0.0031 0.0025 1.0000 0.8944
1.0000 0.0024 -0.0053 0.4565 -0.0024 1.0000 -0.0004 -0.1102 0.0053 0.0004 1.0000 0.8829
1.0000 -0.0006 -0.0041 0.4168 0.0006 1.0000 -0.0020 -0.0978 0.0041 0.0020 1.0000 0.9037
1.0000 0.0022 -0.0065 0.4198 -0.0022 1.0000 0.0004 -0.1023 0.0065 -0.0004 1.0000 0.9019
1.0000 -0.0010 -0.0045 0.4233 0.0010 1.0000 0.0001 -0.1126 0.0045 -0.0001 1.0000 0.8990
1.0000 0.0008 -0.0026 0.3669 -0.0008 1.0000 0.0010 -0.1084 0.0026 -0.0010 1.0000 0.9239
1.0000 0.0037 -0.0043 0.4074 -0.0037 1.0000 0.0007 -0.0896 0.0043 -0.0007 1.0000 0.9089
1.0000 0.0010 -0.0042 0.4212 -0.0010 1.0000 0.0035 -0.1102 0.0042 -0.0035 1.0000 0.9002
1.0000 -0.0013 -0.0038 0.4094 0.0014 1.0000 0.0032 -0.1001 0.0038 -0.0032 1.0000 0.9069
1.0000 -0.0002 -0.0032 0.4244 0.0002 1.0000 0.0034 -0.1005 0.0032 -0.0034 1.0000 0.8999
1.0000 0.0018 -0.0023 0.4132 -0.0018 1.0000 0.0002 -0.0972 0.0023 -0.0002 1.0000 0.9054
1.0000 -0.0002 -0.0018 0.4152 0.0002 1.0000 -0.0007 -0.0866 0.0018 0.0007 1.0000 0.9056
1.0000 -0.0029 -0.0017 0.4194 0.0029 1.0000 -0.0021 -0.0931 0.0017 0.0021 1.0000 0.9030
1.0000 0.0002 -0.0016 0.4230 -0.0002 1.0000 0.0008 -0.0809 0.0016 -0.0008 1.0000 0.9025
1.0000 -0.0004 -0.0008 0.4169 0.0004 1.0000 -0.0017 -0.0776 0.0008 0.0017 1.0000 0.9056
1.0000 0.0006 -0.0031 0.4321 -0.0006 1.0000 -0.0010 -0.1053 0.0031 0.0010 1.0000 0.8957
1.0000 0.0007 -0.0030 0.4556 -0.0007 1.0000 -0.0035 -0.0666 0.0030 0.0035 1.0000 0.8877
1.0000 0.0038 -0.0015 0.4156 -0.0038 1.0000 0.0001 -0.0887 0.0015 -0.0001 1.0000 0.9052
1.0000 0.0008 -0.0020 0.4330 -0.0008 1.0000 0.0008 -0.0931 0.0020 -0.0008 1.0000 0.8966
1.0000 -0.0023 -0.0018 0.4178 0.0023 1.0000 0.0012 -0.0967 0.0018 -0.0012 1.0000 0.9034
1.0000 0.0004 -0.0012 0.4125 -0.0003 1.0000 0.0019 -0.0850 0.0012 -0.0019 1.0000 0.9070
1.0000 -0.0002 -0.0014 0.4308 0.0002 1.0000 -0.0002 -0.0955 0.0014 0.0002 1.0000 0.8974
1.0000 0.0010 -0.0013 0.4217 -0.0010 1.0000 -0.0010 -0.0857 0.0013 0.0010 1.0000 0.9027
1.0000 -0.0011 -0.0013 0.4176 0.0011 1.0000 -0.0014 -0.0941 0.0013 0.0014 1.0000 0.9038
1.0000 0.0001 0.0013 0.3962 -0.0001 1.0000 0.0032 -0.1197 -0.0013 -0.0032 1.0000 0.9104
1.0000 0.0010 0.0009 0.4097 -0.0010 1.0000 0.0044 -0.0912 -0.0009 -0.0044 1.0000 0.9076
1.0000 -0.0003 0.0010 0.4241 0.0003 1.0000 0.0039 -0.0845 -0.0010 -0.0039 1.0000 0.9016
1.0000 -0.0012 0.0013 0.4274 0.0012 1.0000 0.0027 -0.0861 -0.0013 -0.0027 1.0000 0.9000
1.0000 0.0015 0.0024 0.4171 -0.0015 1.0000 0.0011 -0.0960 -0.0024 -0.0011 1.0000 0.9038
1.0000 0.0002 0.0017 0.4114 -0.0002 1.0000 -0.0027 -0.1128 -0.0017 0.0027 1.0000 0.9044
1.0000 0.0010 0.0004 0.4279 -0.0010 1.0000 -0.0050 -0.0950 -0.0004 0.0050 1.0000 0.8988
1.0000 -0.0035 0.0001 0.4060 0.0035 1.0000 -0.0054 -0.0591 -0.0001 0.0054 1.0000 0.9120
1.0000 -0.0028 0.0003 0.4302 0.0028 1.0000 -0.0001 -0.0901 -0.0003 0.0001 1.0000 0.8982
1.0000 -0.0031 -0.0007 0.4259 0.0031 1.0000 0.0039 -0.0769 0.0007 -0.0039 1.0000 0.9015
1.0000 -0.0043 -0.0008 0.4170 0.0043 1.0000 0.0020 -0.0948 0.0008 -0.0020 1.0000 0.9039
1.0000 -0.0054 -0.0005 0.4251 0.0054 1.0000 -0.0024 -0.1422 0.0005 0.0024 1.0000 0.8939
1.0000 -0.0010 -0.0027 0.4539 0.0010 1.0000 -0.0048 -0.1047 0.0027 0.0048 1.0000 0.8849
1.0000 0.0012 -0.0013 0.4243 -0.0012 1.0000 -0.0038 -0.1042 0.0013 0.0038 1.0000 0.8995
1.0000 0.0010 -0.0023 0.4248 -0.0010 1.0000 -0.0005 -0.0858 0.0023 0.0005 1.0000 0.9012
1.0000 0.0008 -0.0001 0.4215 -0.0008 1.0000 0.0013 -0.0851 0.0001 -0.0013 1.0000 0.9028
1.0000 0.0032 0.0000 0.4148 -0.0032 1.0000 0.0054 -0.1047 -0.0000 -0.0054 1.0000 0.9039
1.0000 -0.0008 -0.0020 0.4133 0.0008 1.0000 0.0004 -0.0740 0.0020 -0.0004 1.0000 0.9076
1.0000 0.0016 -0.0004 0.4288 -0.0016 1.0000 0.0038 -0.0944 0.0004 -0.0038 1.0000 0.8985
1.0000 -0.0016 0.0002 0.4269 0.0016 1.0000 0.0030 -0.0931 -0.0002 -0.0030 1.0000 0.8995
1.0000 0.0049 0.0023 0.3792 -0.0049 1.0000 0.0052 -0.0915 -0.0022 -0.0052 1.0000 0.9208
1.0000 -0.0002 -0.0003 0.4177 0.0002 1.0000 -0.0009 -0.0975 0.0003 0.0009 1.0000 0.9033
1.0000 0.0028 -0.0005 0.4390 -0.0028 1.0000 0.0008 -0.1351 0.0005 -0.0008 1.0000 0.8883
1.0000 0.0018 -0.0007 0.4455 -0.0018 1.0000 -0.0019 -0.0838 0.0007 0.0019 1.0000 0.8913
1.0000 0.0010 -0.0016 0.4557 -0.0010 1.0000 0.0004 -0.1036 0.0016 -0.0004 1.0000 0.8841
1.0000 -0.0013 -0.0013 0.4380 0.0013 1.0000 0.0006 -0.0995 0.0013 -0.0006 1.0000 0.8935
1.0000 -0.0016 -0.0004 0.3883 0.0016 1.0000 0.0009 -0.0934 0.0004 -0.0009 1.0000 0.9168
1.0000 0.0015 -0.0015 0.4297 -0.0015 1.0000 -0.0031 -0.1014 0.0015 0.0031 1.0000 0.8972
1.0000 0.0006 -0.0013 0.4190 -0.0006 1.0000 -0.0048 -0.0959 0.0013 0.0048 1.0000 0.9029
1.0000 0.0001 -0.0005 0.4092 -0.0001 1.0000 -0.0011 -0.0952 0.0005 0.0011 1.0000 0.9075
1.0000 -0.0018 0.0018 0.4062 0.0018 1.0000 0.0040 -0.1014 -0.0018 -0.0040 1.0000 0.9082
1.0000 -0.0056 -0.0004 0.4002 0.0056 1.0000 0.0005 -0.0607 0.0004 -0.0005 1.0000 0.9144
1.0000 -0.0016 0.0007 0.4117 0.0016 1.0000 -0.0000 -0.1056 -0.0007 0.0000 1.0000 0.9052
1.0000 -0.0038 -0.0003 0.4067 0.0038 1.0000 -0.0044 -0.0744 0.0003 0.0044 1.0000 0.9105
1.0000 -0.0025 -0.0007 0.4229 0.0025 1.0000 -0.0029 -0.0872 0.0007 0.0029 1.0000 0.9020
1.0000 -0.0014 -0.0013 0.4573 0.0014 1.0000 0.0008 -0.1067 0.0013 -0.0008 1.0000 0.8829
1.0000 -0.0038 -0.0014 0.4344 0.0038 1.0000 0.0031 -0.0982 0.0014 -0.0031 1.0000 0.8953
1.0000 -0.0035 0.0004 0.4185 0.0035 1.0000 0.0053 -0.1012 -0.0005 -0.0053 1.0000 0.9026
1.0000 0.0008 -0.0005 0.4151 -0.0008 1.0000 0.0031 -0.0917 0.0005 -0.0031 1.0000 0.9052
1.0000 0.0017 -0.0017 0.4237 -0.0017 1.0000 -0.0036 -0.1104 0.0017 0.0036 1.0000 0.8990
1.0000 0.0040 -0.0025 0.4359 -0.0040 1.0000 -0.0076 -0.1056 0.0025 0.0076 1.0000 0.8938
1.0000 0.0039 -0.0009 0.4271 -0.0039 1.0000 -0.0037 -0.1150 0.0009 0.0037 1.0000 0.8969
1.0000 0.0032 -0.0012 0.4051 -0.0032 1.0000 0.0028 -0.0871 0.0012 -0.0028 1.0000 0.9101
1.0000 0.0033 -0.0014 0.4328 -0.0033 1.0000 0.0044 -0.1115 0.0014 -0.0044 1.0000 0.8946
1.0000 0.0017 0.0002 0.4048 -0.0017 1.0000 0.0025 -0.0937 -0.0002 -0.0025 1.0000 0.9096
1.0000 0.0006 -0.0003 0.4079 -0.0006 1.0000 0.0002 -0.1025 0.0003 -0.0002 1.0000 0.9073
1.0000 0.0017 -0.0013 0.4205 -0.0017 1.0000 0.0019 -0.1019 0.0013 -0.0019 1.0000 0.9016
1.0000 0.0007 -0.0010 0.4156 -0.0007 1.0000 0.0013 -0.1065 0.0010 -0.0013 1.0000 0.9033
1.0000 0.0004 -0.0011 0.4197 -0.0004 1.0000 0.0006 -0.1002 0.0011 -0.0006 1.0000 0.9021
1.0000 -0.0009 -0.0008 0.3776 0.0009 1.0000 0.0006 -0.0866 0.0008 -0.0006 1.0000 0.9219
1.0000 0.0034 -0.0005 0.4022 -0.0034 1.0000 0.0046 -0.1061 0.0006 -0.0046 1.0000 0.9094
1.0000 0.0009 -0.0009 0.4065 -0.0009 1.0000 0.0052 -0.0949 0.0009 -0.0052 1.0000 0.9087
1.0000 0.0036 -0.0001 0.3915 -0.0036 1.0000 0.0040 -0.1159 0.0001 -0.0040 1.0000 0.9128
1.0000 0.0028 -0.0022 0.4255 -0.0028 1.0000 -0.0039 -0.0993 0.0022 0.0039 1.0000 0.8995
1.0000 0.0015 -0.0012 0.3936 -0.0015 1.0000 -0.0077 -0.1131 0.0012 0.0078 1.0000 0.9123
1.0000 -0.0002 -0.0018 0.4316 0.0002 1.0000 -0.0068 -0.1046 0.0018 0.0068 1.0000 0.8960
1.0000 0.0004 0.0006 0.4087 -0.0004 1.0000 -0.0016 -0.0859 -0.0006 0.0016 1.0000 0.9086
1.0000 0.0027 0.0009 0.3972 -0.0027 1.0000 0.0054 -0.0865 -0.0009 -0.0054 1.0000 0.9136
1.0000 0.0005 -0.0023 0.4569 -0.0005 1.0000 0.0028 -0.1081 0.0023 -0.0028 1.0000 0.8829
1.0000 -0.0027 -0.0024 0.4516 0.0027 1.0000 -0.0043 -0.1300 0.0024 0.0043 1.0000 0.8827
1.0000 -0.0063 0.0007 0.4001 0.0063 0.9999 -0.0093 -0.0809 -0.0007 0.0093 1.0000 0.9129
1.0000 -0.0030 -0.0017 0.4977 0.0030 1.0000 -0.0038 -0.1834 0.0017 0.0038 1.0000 0.8477
1.0000 0.0023 0.0014 0.4762 -0.0023 1.0000 0.0011 -0.0944 -0.0014 -0.0011 1.0000 0.8742
1.0000 0.0038 0.0053 0.3855 -0.0038 1.0000 0.0053 -0.0935 -0.0053 -0.0053 1.0000 0.9180
1.0000 -0.0010 0.0047 0.4347 0.0010 1.0000 0.0033 -0.0834 -0.0047 -0.0033 1.0000 0.8967
1.0000 -0.0051 0.0060 0.4512 0.0051 1.0000 0.0031 -0.1055 -0.0060 -0.0031 1.0000 0.8861
1.0000 -0.0046 0.0080 0.4113 0.0046 1.0000 0.0010 -0.0694 -0.0080 -0.0010 1.0000 0.9088
1.0000 0.0029 0.0094 0.4961 -0.0029 1.0000 0.0013 -0.0970 -0.0094 -0.0014 1.0000 0.8628
0.9998 0.0048 0.0170 0.4154 -0.0048 1.0000 0.0020 -0.1182 -0.0170 -0.0021 0.9999 0.9019
1.0000 0.0037 0.0050 0.6731 -0.0037 1.0000 0.0013 -0.0647 -0.0050 -0.0013 1.0000 0.7367
0.9999 -0.0024 0.0123 0.6247 0.0023 1.0000 0.0014 -0.1109 -0.0123 -0.0013 0.9999 0.7730
1.0000 -0.0042 0.0074 0.7861 0.0042 1.0000 0.0012 -0.1105 -0.0074 -0.0012 1.0000 0.6082
0.9998 -0.0038 0.0186 0.6346 0.0038 1.0000 0.0007 -0.0919 -0.0186 -0.0006 0.9998 0.7674
0.9996 -0.0033 0.0295 0.5111 0.0033 1.0000 -0.0000 -0.0636 -0.0295 0.0001 0.9996 0.8572
0.9998 -0.0020 0.0182 0.7509 0.0021 1.0000 -0.0011 -0.0378 -0.0182 0.0012 0.9998 0.6593
0.9998 -0.0031 0.0199 0.7496 0.0032 1.0000 -0.0073 0.0491 -0.0199 0.0073 0.9998 0.6601
0.9996 -0.0054 0.0286 0.6312 0.0057 0.9999 -0.0103 0.0591 -0.0285 0.0105 0.9995 0.7734
0.9995 -0.0019 0.0309 0.6785 0.0020 1.0000 -0.0047 -0.0317 -0.0309 0.0047 0.9995 0.7339
0.9995 -0.0037 0.0307 0.7436 0.0038 1.0000 -0.0042 -0.0605 -0.0306 0.0043 0.9995 0.6659
0.9991 -0.0040 0.0415 0.6418 0.0043 1.0000 -0.0085 0.0081 -0.0415 0.0087 0.9991 0.7668
0.9993 -0.0048 0.0374 0.7334 0.0049 1.0000 -0.0033 -0.0401 -0.0374 0.0034 0.9993 0.6786
0.9991 -0.0036 0.0415 0.7060 0.0037 1.0000 -0.0038 -0.0468 -0.0415 0.0039 0.9991 0.7066
0.9993 -0.0069 0.0370 0.7622 0.0073 0.9999 -0.0095 0.0023 -0.0369 0.0098 0.9993 0.6473
0.9886 0.0045 0.1508 -0.3438 -0.0021 0.9999 -0.0162 0.1018 -0.1509 0.0157 0.9884 0.9335
0.9894 0.0094 0.1450 -0.2976 -0.0066 0.9998 -0.0194 0.1643 -0.1452 0.0182 0.9892 0.9405
0.9992 -0.0073 0.0391 0.7092 0.0077 0.9999 -0.0091 0.0363 -0.0390 0.0094 0.9992 0.7041
0.9992 -0.0070 0.0396 0.7278 0.0072 1.0000 -0.0050 -0.0152 -0.0396 0.0053 0.9992 0.6856
0.9992 -0.0064 0.0389 0.7311 0.0066 1.0000 -0.0038 -0.0582 -0.0389 0.0041 0.9992 0.6798
0.9992 -0.0097 0.0391 0.6931 0.0099 0.9999 -0.0048 -0.0604 -0.0391 0.0051 0.9992 0.7183
0.9992 -0.0020 0.0410 0.6593 0.0020 1.0000 -0.0012 -0.0714 -0.0410 0.0012 0.9992 0.7485
0.9993 0.0009 0.0373 0.7027 -0.0010 1.0000 0.0025 -0.0936 -0.0373 -0.0026 0.9993 0.7053
0.9993 -0.0021 0.0373 0.6521 0.0022 1.0000 -0.0039 -0.0625 -0.0373 0.0040 0.9993 0.7556
0.9994 -0.0117 0.0333 0.6435 0.0120 0.9999 -0.0081 -0.0206 -0.0332 0.0085 0.9994 0.7651
0.9994 -0.0128 0.0312 0.6416 0.0127 0.9999 0.0012 -0.1332 -0.0312 -0.0008 0.9995 0.7554
0.9996 -0.0040 0.0289 0.6615 0.0038 1.0000 0.0046 -0.1151 -0.0289 -0.0045 0.9996 0.7411
0.9996 0.0008 0.0284 0.5662 -0.0008 1.0000 -0.0023 -0.0923 -0.0284 0.0023 0.9996 0.8191
0.9996 0.0099 0.0275 0.5249 -0.0099 1.0000 0.0005 -0.1143 -0.0275 -0.0007 0.9996 0.8434
0.9997 0.0000 0.0243 0.5166 0.0001 1.0000 -0.0062 -0.0454 -0.0243 0.0062 0.9997 0.8550
0.9998 -0.0023 0.0197 0.5710 0.0023 1.0000 -0.0017 -0.1109 -0.0197 0.0018 0.9998 0.8134
0.9998 -0.0080 0.0192 0.5433 0.0082 0.9999 -0.0067 -0.0777 -0.0191 0.0069 0.9998 0.8359
0.9999 -0.0061 0.0157 0.5662 0.0063 0.9999 -0.0109 -0.0726 -0.0157 0.0110 0.9998 0.8211
0.9999 -0.0020 0.0158 0.5410 0.0021 1.0000 -0.0072 -0.0881 -0.0158 0.0073 0.9998 0.8364
0.9999 -0.0006 0.0149 0.4957 0.0006 1.0000 -0.0018 -0.0473 -0.0149 0.0018 0.9999 0.8672
0.9999 -0.0001 0.0146 0.4575 -0.0000 1.0000 0.0039 -0.0713 -0.0146 -0.0039 0.9999 0.8863
0.9999 -0.0031 0.0120 0.5130 0.0031 1.0000 0.0013 -0.0450 -0.0120 -0.0013 0.9999 0.8572
0.9999 -0.0045 0.0114 0.4826 0.0045 1.0000 0.0001 -0.0665 -0.0114 -0.0000 0.9999 0.8733
0.9999 -0.0066 0.0101 0.4790 0.0066 1.0000 -0.0021 -0.0740 -0.0101 0.0022 0.9999 0.8747
1.0000 -0.0027 0.0093 0.4614 0.0028 1.0000 -0.0030 -0.0771 -0.0093 0.0030 1.0000 0.8838
1.0000 -0.0031 0.0063 0.4372 0.0031 1.0000 -0.0026 -0.0884 -0.0063 0.0027 1.0000 0.8950
1.0000 -0.0023 0.0048 0.4552 0.0023 1.0000 -0.0016 -0.0825 -0.0048 0.0016 1.0000 0.8866
1.0000 -0.0023 0.0053 0.4241 0.0023 1.0000 -0.0020 -0.0987 -0.0053 0.0020 1.0000 0.9002
1.0000 -0.0008 0.0038 0.4520 0.0008 1.0000 -0.0009 -0.0962 -0.0038 0.0009 1.0000 0.8868
1.0000 -0.0033 0.0037 0.4436 0.0033 1.0000 -0.0017 -0.0817 -0.0037 0.0017 1.0000 0.8925
1.0000 -0.0019 0.0028 0.4380 0.0019 1.0000 -0.0001 -0.1097 -0.0028 0.0001 1.0000 0.8923
1.0000 -0.0008 0.0037 0.4241 0.0008 1.0000 -0.0003 -0.0800 -0.0037 0.0003 1.0000 0.9021
1.0000 -0.0013 0.0018 0.4313 0.0013 1.0000 -0.0017 -0.0681 -0.0017 0.0017 1.0000 0.8996
1.0000 -0.0044 0.0004 0.4333 0.0044 1.0000 -0.0019 -0.0847 -0.0004 0.0019 1.0000 0.8972
1.0000 -0.0032 -0.0014 0.4356 0.0031 1.0000 -0.0010 -0.0964 0.0014 0.0010 1.0000 0.8949
1.0000 -0.0008 -0.0021 0.4180 0.0008 1.0000 -0.0004 -0.0914 0.0021 0.0004 1.0000 0.9038
1.0000 -0.0021 -0.0038 0.4180 0.0021 1.0000 -0.0009 -0.0922 0.0038 0.0009 1.0000 0.9038
1.0000 -0.0006 -0.0043 0.4187 0.0006 1.0000 0.0003 -0.0980 0.0043 -0.0003 1.0000 0.9028
1.0000 -0.0016 -0.0038 0.4216 0.0016 1.0000 0.0008 -0.0875 0.0038 -0.0008 1.0000 0.9025
1.0000 0.0007 -0.0038 0.4262 -0.0007 1.0000 0.0020 -0.0841 0.0038 -0.0020 1.0000 0.9007
1.0000 0.0028 -0.0036 0.4089 -0.0028 1.0000 0.0041 -0.0883 0.0036 -0.0041 1.0000 0.9083
1.0000 0.0017 -0.0037 0.4167 -0.0017 1.0000 0.0023 -0.1065 0.0037 -0.0022 1.0000 0.9028
1.0000 0.0028 -0.0041 0.4175 -0.0028 1.0000 0.0001 -0.0891 0.0041 -0.0001 1.0000 0.9043
1.0000 0.0032 -0.0032 0.4269 -0.0032 1.0000 -0.0028 -0.1174 0.0032 0.0028 1.0000 0.8966
1.0000 0.0066 -0.0004 0.3840 -0.0066 1.0000 -0.0026 -0.0919 0.0004 0.0026 1.0000 0.9187
1.0000 0.0029 0.0006 0.3987 -0.0029 1.0000 -0.0020 -0.1013 -0.0006 0.0020 1.0000 0.9115
1.0000 0.0023 0.0003 0.4212 -0.0023 1.0000 0.0021 -0.1003 -0.0003 -0.0021 1.0000 0.9014
1.0000 0.0030 -0.0003 0.4645 -0.0030 1.0000 0.0038 -0.0936 0.0003 -0.0038 1.0000 0.8806
1.0000 -0.0010 0.0008 0.4153 0.0010 1.0000 0.0010 -0.0961 -0.0008 -0.0010 1.0000 0.9046
1.0000 0.0026 -0.0000 0.4132 -0.0026 1.0000 0.0022 -0.0978 0.0000 -0.0022 1.0000 0.9054
1.0000 0.0017 -0.0005 0.4392 -0.0017 1.0000 0.0001 -0.0981 0.0005 -0.0001 1.0000 0.8930
1.0000 0.0032 -0.0010 0.4356 -0.0032 1.0000 0.0010 -0.0982 0.0010 -0.0010 1.0000 0.8948
1.0000 0.0023 0.0008 0.4254 -0.0023 1.0000 -0.0006 -0.0822 -0.0008 0.0006 1.0000 0.9013
1.0000 0.0036 0.0027 0.4347 -0.0036 1.0000 0.0026 -0.0970 -0.0027 -0.0026 1.0000 0.8953
1.0000 0.0015 0.0048 0.4199 -0.0016 1.0000 0.0027 -0.0938 -0.0048 -0.0027 1.0000 0.9027
1.0000 0.0021 0.0047 0.4474 -0.0021 1.0000 0.0035 -0.0936 -0.0047 -0.0035 1.0000 0.8894
1.0000 0.0025 0.0067 0.4223 -0.0025 1.0000 0.0041 -0.1003 -0.0067 -0.0041 1.0000 0.9009
1.0000 0.0000 0.0074 0.4225 -0.0000 1.0000 -0.0006 -0.0900 -0.0074 0.0006 1.0000 0.9019
1.0000 0.0020 0.0088 0.4232 -0.0021 1.0000 0.0018 -0.1201 -0.0088 -0.0019 1.0000 0.8981
1.0000 -0.0037 0.0074 0.4574 0.0037 1.0000 -0.0019 -0.0748 -0.0074 0.0019 1.0000 0.8861
1.0000 -0.0018 0.0095 0.4369 0.0018 1.0000 0.0008 -0.0972 -0.0095 -0.0007 1.0000 0.8942
0.9999 0.0014 0.0105 0.4386 -0.0014 1.0000 0.0024 -0.1060 -0.0105 -0.0024 0.9999 0.8924
1.0000 -0.0024 0.0096 0.4653 0.0024 1.0000 0.0001 -0.0951 -0.0096 -0.0001 1.0000 0.8800
1.0000 -0.0009 0.0094 0.4574 0.0009 1.0000 -0.0017 -0.0857 -0.0094 0.0017 1.0000 0.8851
0.9999 0.0002 0.0105 0.4418 -0.0002 1.0000 -0.0007 -0.0961 -0.0105 0.0007 0.9999 0.8920
1.0000 -0.0003 0.0080 0.4809 0.0004 1.0000 -0.0009 -0.0916 -0.0080 0.0009 1.0000 0.8720
1.0000 -0.0025 0.0076 0.4745 0.0025 1.0000 -0.0016 -0.1096 -0.0076 0.0016 1.0000 0.8734
1.0000 -0.0008 0.0068 0.4882 0.0008 1.0000 0.0004 -0.1165 -0.0068 -0.0004 1.0000 0.8649
1.0000 0.0007 0.0084 0.4767 -0.0007 1.0000 0.0009 -0.1162 -0.0084 -0.0009 1.0000 0.8714
1.0000 -0.0003 0.0098 0.4284 0.0003 1.0000 -0.0003 -0.0912 -0.0098 0.0003 1.0000 0.8990
1.0000 -0.0008 0.0084 0.4522 0.0007 1.0000 0.0007 -0.1022 -0.0084 -0.0007 1.0000 0.8860
1.0000 -0.0032 0.0071 0.4375 0.0032 1.0000 0.0004 -0.0905 -0.0071 -0.0003 1.0000 0.8947
1.0000 -0.0021 0.0057 0.4218 0.0021 1.0000 0.0011 -0.0920 -0.0057 -0.0011 1.0000 0.9020
1.0000 -0.0029 0.0037 0.4242 0.0029 1.0000 0.0000 -0.0839 -0.0037 0.0000 1.0000 0.9017
1.0000 -0.0024 0.0053 0.3784 0.0024 1.0000 0.0011 -0.0874 -0.0053 -0.0011 1.0000 0.9215
1.0000 -0.0003 0.0024 0.4108 0.0003 1.0000 0.0006 -0.0955 -0.0024 -0.0006 1.0000 0.9067
1.0000 -0.0004 0.0033 0.3397 0.0004 1.0000 -0.0018 -0.0601 -0.0033 0.0018 1.0000 0.9386
1.0000 -0.0006 -0.0014 0.4331 0.0006 1.0000 -0.0009 -0.1247 0.0014 0.0009 1.0000 0.8927
1.0000 -0.0007 -0.0033 0.4223 0.0007 1.0000 -0.0018 -0.1105 0.0033 0.0018 1.0000 0.8997
1.0000 -0.0002 -0.0055 0.4122 0.0002 1.0000 -0.0008 -0.1021 0.0055 0.0008 1.0000 0.9054
1.0000 0.0019 -0.0093 0.4134 -0.0019 1.0000 -0.0001 -0.1238 0.0093 0.0001 1.0000 0.9021
0.9999 0.0022 -0.0112 0.3951 -0.0022 1.0000 0.0000 -0.0963 0.0112 0.0000 0.9999 0.9136
0.9999 0.0006 -0.0123 0.3544 -0.0006 1.0000 -0.0010 -0.0913 0.0123 0.0011 0.9999 0.9306
0.9999 0.0015 -0.0172 0.3738 -0.0016 1.0000 -0.0018 -0.1312 0.0172 0.0018 0.9999 0.9182
0.9998 0.0027 -0.0210 0.3662 -0.0027 1.0000 -0.0025 -0.1383 0.0210 0.0025 0.9998 0.9202
0.9997 0.0034 -0.0242 0.3514 -0.0035 1.0000 -0.0027 -0.1680 0.0242 0.0028 0.9997 0.9210
0.9996 0.0059 -0.0276 0.3128 -0.0059 1.0000 0.0003 -0.1861 0.0276 -0.0001 0.9996 0.9314
0.9995 0.0061 -0.0307 0.2103 -0.0060 1.0000 0.0028 -0.1527 0.0308 -0.0026 0.9995 0.9656
0.9995 0.0052 -0.0305 0.1346 -0.0050 1.0000 0.0052 -0.1451 0.0305 -0.0051 0.9995 0.9802
0.9993 0.0034 -0.0364 0.0761 -0.0032 1.0000 0.0036 -0.0861 0.0364 -0.0034 0.9993 0.9934
0.9990 0.0104 -0.0426 0.1721 -0.0100 0.9999 0.0092 -0.1538 0.0427 -0.0087 0.9990 0.9730
0.9991 0.0156 -0.0400 -0.0020 -0.0150 0.9998 0.0146 -0.2242 0.0402 -0.0140 0.9991 0.9745
0.9991 0.0123 -0.0401 -0.0919 -0.0119 0.9999 0.0088 -0.1692 0.0402 -0.0083 0.9992 0.9813
0.9987 0.0115 -0.0489 0.0485 -0.0111 0.9999 0.0078 -0.1968 0.0490 -0.0072 0.9988 0.9792
0.9991 0.0067 -0.0415 -0.1417 -0.0066 1.0000 0.0032 -0.1391 0.0415 -0.0030 0.9991 0.9801
0.9956 0.0102 -0.0933 0.9885 -0.0111 0.9999 -0.0087 0.1248 0.0932 0.0097 0.9956 -0.0854
0.9951 0.0070 -0.0983 0.9432 -0.0078 0.9999 -0.0077 0.0669 0.0982 0.0084 0.9951 -0.3253
0.9937 0.0133 -0.1115 0.9718 -0.0139 0.9999 -0.0047 0.0855 0.1114 0.0062 0.9938 -0.2199
0.9939 0.0041 -0.1105 0.8975 -0.0041 1.0000 0.0009 -0.1035 0.1105 -0.0005 0.9939 -0.4288
0.9920 0.0033 -0.1258 0.9480 -0.0035 1.0000 -0.0009 -0.0588 0.1258 0.0014 0.9920 -0.3128
0.9973 -0.0071 -0.0725 -0.7908 0.0067 1.0000 -0.0056 0.2798 0.0725 0.0051 0.9974 -0.5443
0.9921 0.0036 -0.1257 0.9152 -0.0019 0.9999 0.0139 -0.1530 0.1257 -0.0135 0.9920 -0.3727
0.9926 0.0049 -0.1215 0.9070 -0.0036 0.9999 0.0111 -0.0865 0.1216 -0.0106 0.9925 -0.4122
0.9928 0.0024 -0.1202 0.8845 -0.0007 0.9999 0.0142 -0.1791 0.1202 -0.0140 0.9927 -0.4307
0.9982 0.0004 -0.0595 -0.5324 -0.0002 1.0000 0.0047 0.1273 0.0595 -0.0047 0.9982 -0.8369
0.9935 0.0318 -0.1093 0.6602 -0.0342 0.9992 -0.0206 0.5644 0.1086 0.0242 0.9938 -0.4955
0.9964 0.0116 -0.0844 0.9947 -0.0114 0.9999 0.0030 0.0013 0.0844 -0.0020 0.9964 -0.1030
0.9990 0.0073 -0.0451 -0.3128 -0.0072 1.0000 0.0017 0.2039 0.0451 -0.0013 0.9990 -0.9277
0.9991 0.0135 -0.0403 -0.1566 -0.0134 0.9999 0.0019 0.2242 0.0403 -0.0013 0.9992 -0.9619
0.9995 0.0064 -0.0319 0.2527 -0.0063 1.0000 0.0012 -0.2206 0.0319 -0.0010 0.9995 0.9420
0.9998 -0.0017 -0.0221 0.1784 0.0017 1.0000 -0.0024 -0.1640 0.0221 0.0023 0.9998 0.9702
0.9999 -0.0027 -0.0161 0.4151 0.0027 1.0000 -0.0017 -0.1079 0.0161 0.0017 0.9999 0.9034
0.9999 0.0043 -0.0124 0.4120 -0.0043 1.0000 0.0013 -0.1167 0.0124 -0.0013 0.9999 0.9037
0.9999 0.0073 -0.0083 0.3222 -0.0073 1.0000 0.0038 -0.1039 0.0083 -0.0038 1.0000 0.9409
0.9999 0.0094 -0.0052 0.4046 -0.0094 1.0000 0.0025 -0.0909 0.0052 -0.0024 1.0000 0.9100
1.0000 0.0049 -0.0031 0.4168 -0.0049 1.0000 -0.0029 -0.0758 0.0031 0.0029 1.0000 0.9058
1.0000 0.0009 -0.0009 0.4276 -0.0009 1.0000 -0.0026 -0.0973 0.0009 0.0026 1.0000 0.8987
1.0000 -0.0005 0.0032 0.3928 0.0005 1.0000 -0.0022 -0.1138 -0.0032 0.0022 1.0000 0.9125
1.0000 -0.0021 0.0035 0.4354 0.0022 1.0000 -0.0086 -0.0635 -0.0035 0.0086 1.0000 0.8980
1.0000 -0.0024 0.0040 0.4205 0.0024 1.0000 -0.0070 -0.0712 -0.0040 0.0070 1.0000 0.9045
1.0000 0.0043 0.0042 0.4592 -0.0043 1.0000 0.0020 -0.0531 -0.0042 -0.0021 1.0000 0.8867
1.0000 0.0035 0.0066 0.3849 -0.0036 1.0000 0.0062 -0.0739 -0.0066 -0.0062 1.0000 0.9200
1.0000 -0.0001 0.0055 0.4419 0.0001 1.0000 0.0036 -0.0317 -0.0055 -0.0036 1.0000 0.8965
1.0000 -0.0042 0.0032 0.4545 0.0042 1.0000 0.0046 -0.0799 -0.0033 -0.0046 1.0000 0.8871
1.0000 -0.0015 0.0034 0.4442 0.0015 1.0000 0.0045 -0.0765 -0.0034 -0.0045 1.0000 0.8927
1.0000 -0.0045 0.0034 0.4157 0.0045 1.0000 -0.0027 -0.0518 -0.0034 0.0028 1.0000 0.9080
1.0000 -0.0029 -0.0003 0.4438 0.0029 1.0000 -0.0051 -0.0996 0.0003 0.0051 1.0000 0.8906
1.0000 -0.0020 -0.0010 0.4040 0.0020 1.0000 -0.0088 -0.0962 0.0011 0.0088 1.0000 0.9097
1.0000 0.0019 -0.0013 0.4488 -0.0019 1.0000 -0.0064 -0.1023 0.0013 0.0064 1.0000 0.8877
1.0000 0.0023 -0.0025 0.4177 -0.0023 1.0000 -0.0037 -0.0801 0.0025 0.0037 1.0000 0.9050
1.0000 -0.0007 -0.0023 0.4364 0.0007 1.0000 0.0045 -0.0735 0.0023 -0.0045 1.0000 0.8968
1.0000 -0.0017 -0.0013 0.4288 0.0018 1.0000 0.0080 -0.0802 0.0013 -0.0080 1.0000 0.8998
1.0000 0.0007 -0.0022 0.4256 -0.0007 1.0000 0.0062 -0.0902 0.0022 -0.0062 1.0000 0.9004
1.0000 0.0030 -0.0014 0.4065 -0.0030 1.0000 0.0005 -0.1007 0.0014 -0.0005 1.0000 0.9081
1.0000 0.0030 -0.0033 0.4459 -0.0031 1.0000 -0.0035 -0.0950 0.0033 0.0035 1.0000 0.8900
1.0000 -0.0020 -0.0048 0.4130 0.0020 1.0000 -0.0075 -0.1016 0.0048 0.0075 1.0000 0.9050
1.0000 -0.0000 -0.0038 0.4179 0.0000 1.0000 -0.0035 -0.0969 0.0038 0.0035 1.0000 0.9033
1.0000 -0.0018 -0.0034 0.4168 0.0018 1.0000 0.0004 -0.0829 0.0034 -0.0004 1.0000 0.9052
1.0000 -0.0037 -0.0037 0.4186 0.0037 1.0000 0.0007 -0.0996 0.0037 -0.0007 1.0000 0.9027
1.0000 -0.0001 -0.0014 0.4100 0.0001 1.0000 0.0034 -0.0939 0.0014 -0.0034 1.0000 0.9072
1.0000 -0.0027 -0.0016 0.4304 0.0028 1.0000 0.0012 -0.0986 0.0016 -0.0012 1.0000 0.8972
1.0000 -0.0059 -0.0008 0.4380 0.0059 1.0000 -0.0015 -0.0908 0.0008 0.0015 1.0000 0.8944
1.0000 0.0016 -0.0002 0.4123 -0.0016 1.0000 0.0027 -0.0923 0.0002 -0.0027 1.0000 0.9064
1.0000 0.0043 -0.0004 0.4408 -0.0043 1.0000 -0.0003 -0.0880 0.0004 0.0003 1.0000 0.8933
1.0000 0.0052 0.0006 0.4302 -0.0052 1.0000 -0.0015 -0.0963 -0.0006 0.0015 1.0000 0.8976
1.0000 0.0086 0.0020 0.4040 -0.0086 1.0000 0.0024 -0.1014 -0.0019 -0.0025 1.0000 0.9091
1.0000 0.0060 0.0047 0.4014 -0.0060 1.0000 0.0024 -0.0647 -0.0046 -0.0024 1.0000 0.9136
1.0000 0.0026 0.0040 0.3843 -0.0027 1.0000 0.0040 -0.1004 -0.0040 -0.0040 1.0000 0.9177
1.0000 0.0000 0.0027 0.4188 -0.0000 1.0000 -0.0008 -0.0922 -0.0027 0.0008 1.0000 0.9034
1.0000 -0.0017 0.0014 0.4327 0.0017 1.0000 -0.0039 -0.0920 -0.0014 0.0039 1.0000 0.8968
1.0000 -0.0061 0.0006 0.4284 0.0061 1.0000 -0.0011 -0.0929 -0.0006 0.0011 1.0000 0.8988
1.0000 -0.0067 -0.0000 0.4218 0.0067 1.0000 -0.0048 -0.1000 0.0001 0.0048 1.0000 0.9012
1.0000 -0.0002 0.0022 0.4286 0.0002 1.0000 0.0003 -0.0994 -0.0022 -0.0003 1.0000 0.8980
1.0000 0.0037 0.0028 0.4040 -0.0037 1.0000 0.0051 -0.0907 -0.0028 -0.0051 1.0000 0.9103
1.0000 0.0060 0.0037 0.3771 -0.0061 0.9999 0.0104 -0.1031 -0.0036 -0.0104 0.9999 0.9204
1.0000 0.0041 0.0018 0.4157 -0.0041 1.0000 0.0070 -0.1060 -0.0017 -0.0070 1.0000 0.9033
1.0000 -0.0003 0.0014 0.3898 0.0003 1.0000 -0.0071 -0.1283 -0.0014 0.0071 1.0000 0.9119
1.0000 -0.0082 -0.0027 0.4583 0.0082 0.9998 -0.0205 -0.1116 0.0029 0.0204 0.9998 0.8818
1.0000 -0.0044 -0.0027 0.4763 0.0043 0.9999 -0.0129 -0.0794 0.0027 0.0129 0.9999 0.8757
1.0000 -0.0017 0.0003 0.3864 0.0017 0.9999 0.0108 -0.0863 -0.0003 -0.0108 0.9999 0.9183
1.0000 -0.0027 0.0004 0.3942 0.0027 0.9997 0.0233 -0.0961 -0.0004 -0.0233 0.9997 0.9140
1.0000 -0.0006 0.0003 0.4099 0.0006 0.9998 0.0175 -0.1089 -0.0003 -0.0175 0.9998 0.9056
1.0000 0.0026 -0.0016 0.4288 -0.0026 1.0000 -0.0056 -0.1137 0.0016 0.0056 1.0000 0.8962
1.0000 0.0058 -0.0014 0.3983 -0.0059 0.9999 -0.0159 -0.1108 0.0013 0.0159 0.9999 0.9105
1.0000 -0.0012 -0.0025 0.4366 0.0011 1.0000 -0.0087 -0.1050 0.0025 0.0087 1.0000 0.8935
1.0000 -0.0048 -0.0029 0.4486 0.0048 1.0000 -0.0032 -0.1009 0.0029 0.0032 1.0000 0.8880
1.0000 -0.0004 -0.0023 0.4115 0.0004 1.0000 0.0015 -0.0997 0.0023 -0.0015 1.0000 0.9059
1.0000 -0.0029 -0.0037 0.4206 0.0029 1.0000 -0.0021 -0.1075 0.0037 0.0021 1.0000 0.9009
1.0000 -0.0006 -0.0054 0.4375 0.0005 1.0000 -0.0028 -0.0965 0.0054 0.0028 1.0000 0.8940
1.0000 0.0059 -0.0035 0.4209 -0.0059 1.0000 0.0037 -0.1159 0.0035 -0.0037 1.0000 0.8997
1.0000 0.0086 -0.0004 0.3908 -0.0086 1.0000 0.0028 -0.0871 0.0004 -0.0028 1.0000 0.9163
1.0000 0.0014 -0.0010 0.3982 -0.0014 1.0000 0.0019 -0.0819 0.0010 -0.0019 1.0000 0.9136
1.0000 -0.0021 -0.0012 0.4123 0.0021 1.0000 0.0050 -0.1204 0.0012 -0.0050 1.0000 0.9030
1.0000 -0.0023 -0.0020 0.4392 0.0023 1.0000 -0.0009 -0.1053 0.0020 0.0009 1.0000 0.8922
1.0000 -0.0015 -0.0027 0.4116 0.0015 1.0000 -0.0047 -0.0896 0.0027 0.0047 1.0000 0.9069
1.0000 -0.0053 -0.0056 0.4355 0.0053 1.0000 -0.0073 -0.1047 0.0057 0.0072 1.0000 0.8941
1.0000 -0.0035 -0.0070 0.4158 0.0035 1.0000 -0.0030 -0.0944 0.0070 0.0029 1.0000 0.9045
1.0000 -0.0003 -0.0056 0.4192 0.0003 1.0000 0.0059 -0.0863 0.0056 -0.0059 1.0000 0.9038
1.0000 -0.0007 -0.0051 0.4005 0.0007 1.0000 0.0096 -0.1076 0.0051 -0.0096 0.9999 0.9099
1.0000 -0.0013 -0.0033 0.4304 0.0013 0.9999 0.0103 -0.1024 0.0033 -0.0103 0.9999 0.8968
1.0000 0.0073 -0.0025 0.3632 -0.0073 1.0000 0.0063 -0.0976 0.0025 -0.0062 1.0000 0.9266
1.0000 0.0027 -0.0061 0.4564 -0.0027 1.0000 -0.0048 -0.0987 0.0060 0.0048 1.0000 0.8843
1.0000 -0.0006 -0.0089 0.4580 0.0005 0.9999 -0.0127 -0.0941 0.0089 0.0127 0.9999 0.8840
1.0000 -0.0033 -0.0051 0.3966 0.0032 1.0000 -0.0086 -0.0754 0.0051 0.0086 1.0000 0.9149
1.0000 0.0013 -0.0069 0.4009 -0.0013 1.0000 0.0014 -0.1057 0.0069 -0.0014 1.0000 0.9100
0.9999 0.0097 -0.0056 0.3735 -0.0096 0.9999 0.0085 -0.1092 0.0057 -0.0085 0.9999 0.9212
1.0000 0.0061 -0.0071 0.4010 -0.0061 1.0000 0.0006 -0.1005 0.0071 -0.0006 1.0000 0.9105
0.9999 0.0019 -0.0105 0.4155 -0.0020 1.0000 -0.0053 -0.1209 0.0105 0.0054 0.9999 0.9015
1.0000 -0.0021 -0.0094 0.4219 0.0020 1.0000 -0.0041 -0.0971 0.0094 0.0041 0.9999 0.9014
1.0000 -0.0005 -0.0080 0.4189 0.0005 1.0000 0.0025 -0.0967 0.0080 -0.0025 1.0000 0.9028
1.0000 0.0029 -0.0068 0.4093 -0.0028 0.9999 0.0096 -0.0967 0.0069 -0.0096 0.9999 0.9073
1.0000 0.0045 -0.0066 0.3889 -0.0045 1.0000 0.0079 -0.0961 0.0066 -0.0078 0.9999 0.9163
1.0000 -0.0005 -0.0068 0.3919 0.0005 1.0000 0.0034 -0.1039 0.0068 -0.0034 1.0000 0.9141
1.0000 0.0005 -0.0062 0.4139 -0.0005 1.0000 0.0030 -0.1100 0.0062 -0.0030 1.0000 0.9036
1.0000 -0.0005 -0.0045 0.4256 0.0005 1.0000 -0.0027 -0.1076 0.0045 0.0027 1.0000 0.8985
1.0000 0.0046 -0.0042 0.3952 -0.0046 1.0000 -0.0061 -0.0846 0.0042 0.0061 1.0000 0.9147
1.0000 0.0036 -0.0029 0.3938 -0.0036 1.0000 -0.0055 -0.1231 0.0029 0.0055 1.0000 0.9109
1.0000 0.0010 -0.0029 0.4197 -0.0010 1.0000 -0.0027 -0.0920 0.0029 0.0027 1.0000 0.9030
1.0000 0.0018 -0.0036 0.4314 -0.0017 1.0000 0.0079 -0.0867 0.0036 -0.0078 1.0000 0.8980
1.0000 0.0028 -0.0006 0.3991 -0.0028 0.9999 0.0137 -0.0896 0.0007 -0.0137 0.9999 0.9125
1.0000 0.0001 -0.0027 0.3904 -0.0001 1.0000 0.0085 -0.0987 0.0027 -0.0085 1.0000 0.9153
1.0000 -0.0054 -0.0052 0.3888 0.0053 1.0000 -0.0055 -0.1004 0.0052 0.0054 1.0000 0.9158
0.9999 -0.0118 -0.0077 0.4465 0.0116 0.9998 -0.0172 -0.1122 0.0079 0.0171 0.9998 0.8877
1.0000 -0.0009 -0.0066 0.3931 0.0008 1.0000 -0.0073 -0.0772 0.0066 0.0073 1.0000 0.9163
1.0000 0.0030 -0.0067 0.3964 -0.0030 1.0000 0.0025 -0.0803 0.0067 -0.0025 1.0000 0.9146
1.0000 -0.0010 -0.0066 0.3935 0.0011 1.0000 0.0069 -0.1117 0.0066 -0.0069 1.0000 0.9125
1.0000 -0.0056 -0.0080 0.4412 0.0056 1.0000 0.0016 -0.0988 0.0080 -0.0016 1.0000 0.8920
1.0000 -0.0079 -0.0055 0.4105 0.0079 1.0000 0.0009 -0.0954 0.0055 -0.0009 1.0000 0.9069
1.0000 -0.0043 -0.0071 0.4536 0.0043 1.0000 -0.0024 -0.0995 0.0072 0.0024 1.0000 0.8857
1.0000 -0.0023 -0.0066 0.4044 0.0023 1.0000 -0.0094 -0.1130 0.0066 0.0094 0.9999 0.9076
0.9999 -0.0085 -0.0087 0.4234 0.0084 0.9998 -0.0168 -0.0891 0.0088 0.0167 0.9998 0.9015
0.9999 -0.0078 -0.0073 0.4192 0.0078 0.9999 -0.0067 -0.1102 0.0074 0.0067 1.0000 0.9012
1.0000 0.0037 -0.0054 0.4180 -0.0037 0.9999 0.0108 -0.0893 0.0054 -0.0108 0.9999 0.9041
0.9999 0.0118 -0.0010 0.3754 -0.0118 0.9997 0.0214 -0.1032 0.0012 -0.0214 0.9998 0.9211
1.0000 0.0021 -0.0043 0.4119 -0.0020 1.0000 0.0098 -0.0975 0.0043 -0.0098 0.9999 0.9060
1.0000 -0.0010 -0.0053 0.4346 0.0010 1.0000 -0.0025 -0.1381 0.0053 0.0025 1.0000 0.8900
1.0000 0.0037 -0.0025 0.4314 -0.0037 0.9999 -0.0111 -0.1044 0.0024 0.0112 0.9999 0.8961
0.9999 0.0120 -0.0017 0.3966 -0.0120 0.9999 -0.0050 -0.0984 0.0016 0.0050 1.0000 0.9127
1.0000 -0.0018 -0.0024 0.4195 0.0018 1.0000 -0.0054 -0.0799 0.0024 0.0054 1.0000 0.9042
1.0000 -0.0072 -0.0030 0.4352 0.0072 1.0000 0.0022 -0.0896 0.0030 -0.0022 1.0000 0.8959
1.0000 -0.0018 0.0019 0.4119 0.0018 0.9999 0.0107 -0.0955 -0.0020 -0.0107 0.9999 0.9062
1.0000 0.0010 0.0020 0.3916 -0.0010 1.0000 0.0065 -0.0882 -0.0020 -0.0065 1.0000 0.9159
1.0000 -0.0003 -0.0019 0.4304 0.0003 1.0000 -0.0013 -0.1014 0.0019 0.0013 1.0000 0.8969
1.0000 -0.0028 -0.0037 0.4259 0.0028 0.9999 -0.0113 -0.1175 0.0038 0.0113 0.9999 0.8971
0.9999 -0.0104 -0.0050 0.4545 0.0103 0.9998 -0.0180 -0.0934 0.0051 0.0179 0.9998 0.8858
1.0000 -0.0075 -0.0026 0.4411 0.0074 0.9999 -0.0084 -0.0957 0.0027 0.0084 1.0000 0.8923
1.0000 0.0021 -0.0005 0.4156 -0.0021 1.0000 0.0063 -0.0855 0.0005 -0.0063 1.0000 0.9055
1.0000 0.0034 -0.0003 0.4092 -0.0034 0.9999 0.0138 -0.0947 0.0004 -0.0138 0.9999 0.9075
1.0000 0.0013 0.0000 0.3827 -0.0013 1.0000 0.0051 -0.1169 -0.0000 -0.0051 1.0000 0.9164
1.0000 -0.0009 -0.0010 0.4078 0.0009 1.0000 -0.0050 -0.0999 0.0010 0.0050 1.0000 0.9076
1.0000 0.0012 0.0001 0.4238 -0.0012 1.0000 -0.0067 -0.0920 -0.0001 0.0067 1.0000 0.9011
1.0000 0.0070 0.0018 0.3946 -0.0070 1.0000 0.0009 -0.0779 -0.0018 -0.0010 1.0000 0.9155
1.0000 0.0020 0.0000 0.4111 -0.0020 1.0000 0.0046 -0.0923 -0.0000 -0.0046 1.0000 0.9069
1.0000 0.0036 -0.0002 0.4073 -0.0036 1.0000 0.0053 -0.0956 0.0002 -0.0053 1.0000 0.9083
1.0000 0.0031 0.0003 0.4212 -0.0031 1.0000 0.0048 -0.1030 -0.0002 -0.0048 1.0000 0.9011
1.0000 0.0044 -0.0005 0.4374 -0.0044 1.0000 0.0011 -0.0876 0.0005 -0.0011 1.0000 0.8950
1.0000 -0.0010 -0.0009 0.4325 0.0010 1.0000 -0.0048 -0.1007 0.0009 0.0048 1.0000 0.8960
1.0000 0.0027 -0.0012 0.4240 -0.0027 1.0000 -0.0048 -0.1054 0.0011 0.0048 1.0000 0.8995
1.0000 0.0013 -0.0011 0.4207 -0.0013 1.0000 0.0003 -0.0853 0.0011 -0.0003 1.0000 0.9032
1.0000 -0.0004 -0.0010 0.4022 0.0004 0.9999 0.0112 -0.0923 0.0010 -0.0112 0.9999 0.9109
1.0000 -0.0027 -0.0011 0.4206 0.0027 1.0000 0.0096 -0.1043 0.0011 -0.0096 1.0000 0.9012
1.0000 -0.0063 -0.0009 0.4184 0.0063 1.0000 -0.0008 -0.1207 0.0009 0.0008 1.0000 0.9002
1.0000 -0.0007 -0.0003 0.4108 0.0007 1.0000 -0.0093 -0.1008 0.0003 0.0093 1.0000 0.9061
1.0000 0.0010 0.0008 0.4244 -0.0010 1.0000 -0.0052 -0.0976 -0.0009 0.0052 1.0000 0.9002
1.0000 0.0007 -0.0003 0.4397 -0.0007 1.0000 -0.0061 -0.1100 0.0003 0.0061 1.0000 0.8914
1.0000 -0.0019 0.0004 0.4311 0.0019 1.0000 -0.0047 -0.1080 -0.0004 0.0047 1.0000 0.8958
1.0000 -0.0033 0.0007 0.4829 0.0033 1.0000 -0.0071 -0.0952 -0.0006 0.0071 1.0000 0.8705
1.0000 -0.0015 0.0035 0.4581 0.0015 1.0000 -0.0021 -0.0950 -0.0035 0.0021 1.0000 0.8838
1.0000 -0.0010 0.0043 0.4282 0.0010 1.0000 0.0032 -0.0510 -0.0043 -0.0032 1.0000 0.9022
1.0000 0.0027 0.0065 0.4272 -0.0028 0.9999 0.0126 -0.0942 -0.0065 -0.0126 0.9999 0.8992
1.0000 0.0063 0.0071 0.4137 -0.0064 0.9999 0.0082 -0.1107 -0.0070 -0.0082 0.9999 0.9036
1.0000 -0.0010 0.0054 0.4425 0.0010 1.0000 -0.0021 -0.0915 -0.0054 0.0021 1.0000 0.8921
1.0000 -0.0021 0.0063 0.4408 0.0022 0.9999 -0.0098 -0.1060 -0.0063 0.0098 0.9999 0.8913
1.0000 0.0005 0.0053 0.4450 -0.0005 0.9999 -0.0113 -0.0740 -0.0053 0.0113 0.9999 0.8925
1.0000 0.0007 0.0052 0.4443 -0.0006 1.0000 -0.0074 -0.0354 -0.0052 0.0074 1.0000 0.8952
1.0000 -0.0009 0.0051 0.4768 0.0009 1.0000 0.0022 -0.1089 -0.0051 -0.0022 1.0000 0.8723
1.0000 -0.0050 0.0063 0.3799 0.0050 1.0000 0.0044 -0.1000 -0.0063 -0.0044 1.0000 0.9196
1.0000 -0.0087 0.0049 0.4546 0.0087 1.0000 0.0009 -0.0519 -0.0049 -0.0009 1.0000 0.8892
1.0000 -0.0071 0.0057 0.3900 0.0071 1.0000 -0.0011 -0.1188 -0.0057 0.0011 1.0000 0.9131
1.0000 0.0011 0.0035 0.4301 -0.0011 1.0000 0.0018 -0.0962 -0.0035 -0.0019 1.0000 0.8976
1.0000 0.0033 0.0027 0.3612 -0.0033 1.0000 0.0033 -0.0899 -0.0027 -0.0033 1.0000 0.9281
1.0000 0.0004 0.0018 0.3793 -0.0004 1.0000 0.0016 -0.0703 -0.0018 -0.0016 1.0000 0.9226
1.0000 -0.0002 -0.0002 0.4144 0.0002 1.0000 0.0030 -0.0980 0.0002 -0.0030 1.0000 0.9048
1.0000 0.0015 -0.0012 0.4534 -0.0015 1.0000 0.0040 -0.1148 0.0012 -0.0040 1.0000 0.8839
1.0000 0.0083 0.0009 0.3943 -0.0083 1.0000 -0.0018 -0.1078 -0.0009 0.0018 1.0000 0.9127
1.0000 0.0060 -0.0024 0.4555 -0.0060 1.0000 -0.0068 -0.0957 0.0024 0.0068 1.0000 0.8851
1.0000 -0.0018 -0.0043 0.4470 0.0017 0.9999 -0.0102 -0.1074 0.0043 0.0102 0.9999 0.8881
1.0000 -0.0047 -0.0040 0.4557 0.0046 1.0000 -0.0071 -0.0832 0.0041 0.0071 1.0000 0.8862
1.0000 0.0019 -0.0024 0.4009 -0.0019 1.0000 0.0080 -0.0831 0.0024 -0.0080 1.0000 0.9123
1.0000 0.0073 -0.0018 0.3583 -0.0073 0.9998 0.0175 -0.0880 0.0019 -0.0175 0.9998 0.9295
1.0000 -0.0051 -0.0045 0.4564 0.0051 0.9999 0.0141 -0.0892 0.0044 -0.0141 0.9999 0.8853
1.0000 -0.0069 -0.0037 0.4366 0.0069 0.9999 0.0080 -0.1058 0.0037 -0.0081 1.0000 0.8934
1.0000 -0.0020 -0.0042 0.4466 0.0020 1.0000 -0.0037 -0.1076 0.0042 0.0037 1.0000 0.8882
1.0000 0.0043 -0.0030 0.4272 -0.0043 1.0000 -0.0048 -0.1164 0.0030 0.0048 1.0000 0.8966
1.0000 -0.0014 -0.0040 0.4192 0.0014 0.9999 -0.0103 -0.1124 0.0040 0.0103 0.9999 0.9009
1.0000 -0.0071 -0.0042 0.4592 0.0071 0.9999 -0.0094 -0.0814 0.0043 0.0094 0.9999 0.8846
1.0000 -0.0074 -0.0008 0.4277 0.0074 1.0000 0.0024 -0.0933 0.0008 -0.0024 1.0000 0.8991
1.0000 -0.0071 -0.0026 0.4510 0.0071 1.0000 0.0011 -0.0832 0.0026 -0.0011 1.0000 0.8886
1.0000 -0.0030 -0.0016 0.4310 0.0030 1.0000 0.0020 -0.1021 0.0015 -0.0020 1.0000 0.8965
1.0000 -0.0011 -0.0017 0.4317 0.0011 1.0000 -0.0060 -0.0783 0.0017 0.0060 1.0000 0.8986
1.0000 -0.0047 -0.0016 0.4305 0.0047 1.0000 -0.0079 -0.0989 0.0016 0.0079 1.0000 0.8972
1.0000 -0.0083 -0.0029 0.4524 0.0083 0.9999 -0.0058 -0.0808 0.0029 0.0057 1.0000 0.8882
1.0000 -0.0022 -0.0014 0.4377 0.0022 1.0000 0.0021 -0.0846 0.0013 -0.0021 1.0000 0.8951
1.0000 -0.0011 -0.0004 0.4165 0.0011 1.0000 0.0047 -0.0913 0.0004 -0.0047 1.0000 0.9046
1.0000 -0.0003 -0.0009 0.4224 0.0003 1.0000 0.0032 -0.1037 0.0009 -0.0032 1.0000 0.9005
1.0000 -0.0015 -0.0002 0.4166 0.0015 1.0000 -0.0038 -0.1029 0.0003 0.0038 1.0000 0.9032
1.0000 -0.0020 -0.0006 0.4325 0.0019 1.0000 -0.0090 -0.1092 0.0007 0.0090 1.0000 0.8950
1.0000 -0.0002 -0.0013 0.4477 0.0001 0.9999 -0.0112 -0.1096 0.0013 0.0112 0.9999 0.8875
1.0000 -0.0013 -0.0008 0.3532 0.0013 1.0000 -0.0086 -0.0256 0.0008 0.0086 1.0000 0.9352
1.0000 0.0029 0.0010 0.4126 -0.0029 1.0000 0.0027 -0.0829 -0.0009 -0.0027 1.0000 0.9071
1.0000 -0.0013 0.0005 0.4044 0.0013 1.0000 0.0068 -0.0883 -0.0005 -0.0068 1.0000 0.9103
1.0000 -0.0019 0.0009 0.4168 0.0019 1.0000 0.0088 -0.1253 -0.0009 -0.0088 1.0000 0.9003
1.0000 -0.0005 0.0016 0.3938 0.0004 1.0000 0.0050 -0.0956 -0.0016 -0.0050 1.0000 0.9142
1.0000 -0.0003 -0.0005 0.4154 0.0003 1.0000 0.0037 -0.1076 0.0005 -0.0037 1.0000 0.9032
1.0000 -0.0026 -0.0028 0.4214 0.0027 1.0000 0.0026 -0.1000 0.0028 -0.0026 1.0000 0.9013
1.0000 -0.0065 -0.0058 0.4121 0.0064 1.0000 -0.0038 -0.1012 0.0058 0.0038 1.0000 0.9055
1.0000 -0.0040 -0.0088 0.4611 0.0040 1.0000 -0.0045 -0.1118 0.0089 0.0044 1.0000 0.8803
0.9999 -0.0026 -0.0117 0.4414 0.0025 1.0000 -0.0048 -0.1550 0.0117 0.0047 0.9999 0.8838
0.9999 -0.0008 -0.0156 0.3424 0.0007 1.0000 -0.0046 -0.0865 0.0156 0.0046 0.9999 0.9356
0.9998 -0.0000 -0.0188 0.4956 -0.0000 1.0000 -0.0033 -0.0908 0.0188 0.0033 0.9998 0.8638
0.9997 -0.0048 -0.0230 0.3726 0.0048 1.0000 -0.0001 -0.0758 0.0230 -0.0000 0.9997 0.9249
0.9997 0.0031 -0.0243 0.2074 -0.0030 1.0000 0.0041 -0.0758 0.0243 -0.0040 0.9997 0.9753
0.9995 -0.0030 -0.0299 0.1844 0.0031 1.0000 0.0013 -0.0525 0.0299 -0.0014 0.9996 0.9815
0.9998 -0.0038 -0.0170 -0.7140 0.0035 0.9999 -0.0148 0.5264 0.0170 0.0147 0.9997 0.4616
0.9992 -0.0010 -0.0393 0.0459 0.0008 1.0000 -0.0048 -0.0152 0.0393 0.0048 0.9992 0.9988
0.9990 0.0028 -0.0438 -0.0026 -0.0030 1.0000 -0.0042 -0.0244 0.0438 0.0043 0.9990 0.9997
0.9999 0.0042 -0.0167 -0.8469 -0.0044 1.0000 -0.0085 0.1690 0.0167 0.0086 0.9998 0.5041
0.9995 0.0054 -0.0321 -0.9710 -0.0055 1.0000 -0.0033 0.2338 0.0321 0.0035 0.9995 0.0509
0.9995 0.0110 -0.0285 -0.8459 -0.0111 0.9999 -0.0015 0.1373 0.0285 0.0018 0.9996 0.5154
0.9995 0.0112 -0.0280 -0.9767 -0.0113 0.9999 -0.0028 0.1901 0.0279 0.0031 0.9996 0.0996
0.9971 0.0209 -0.0735 0.7205 -0.0203 0.9998 0.0081 0.0814 0.0736 -0.0066 0.9973 -0.6886
0.9968 0.0202 -0.0768 0.6811 -0.0198 0.9998 0.0063 0.1413 0.0769 -0.0048 0.9970 -0.7184
0.9992 0.0105 -0.0389 -0.9939 -0.0103 0.9999 0.0055 -0.0179 0.0390 -0.0051 0.9992 0.1085
0.9966 0.0100 -0.0816 0.8016 -0.0091 0.9999 0.0112 -0.0135 0.0818 -0.0104 0.9966 -0.5977
0.9968 0.0111 -0.0790 0.6310 -0.0098 0.9998 0.0168 0.0035 0.0791 -0.0160 0.9967 -0.7758
0.9971 0.0059 -0.0762 0.8979 -0.0049 0.9999 0.0143 -0.1185 0.0763 -0.0139 0.9970 -0.4239
0.9959 0.0161 -0.0889 0.8569 -0.0152 0.9998 0.0101 0.0595 0.0890 -0.0087 0.9960 -0.5120
0.9966 0.0107 -0.0822 0.8148 -0.0104 0.9999 0.0042 0.0831 0.0823 -0.0033 0.9966 -0.5738
0.9957 0.0060 -0.0922 0.8916 -0.0054 1.0000 0.0068 -0.1354 0.0922 -0.0063 0.9957 -0.4321
0.9958 0.0017 -0.0919 0.9365 -0.0018 1.0000 -0.0012 -0.0697 0.0919 0.0014 0.9958 -0.3438
0.9960 0.0016 -0.0890 0.8647 -0.0022 1.0000 -0.0071 0.0004 0.0890 0.0073 0.9960 -0.5023
0.9981 -0.0039 -0.0608 -0.7688 0.0032 0.9999 -0.0117 0.0932 0.0608 0.0115 0.9981 -0.6326
0.9933 0.0301 -0.1115 0.7422 -0.0336 0.9990 -0.0300 0.5367 0.1105 0.0335 0.9933 -0.4013
0.9947 0.0043 -0.1031 0.8590 -0.0038 1.0000 0.0051 -0.1608 0.1031 -0.0047 0.9947 -0.4860
0.9962 0.0210 -0.0841 0.6216 -0.0218 0.9997 -0.0078 0.4041 0.0839 0.0096 0.9964 -0.6711
0.9946 0.0136 -0.1028 0.8844 -0.0136 0.9999 0.0008 0.0837 0.1028 0.0006 0.9947 -0.4592
0.9986 0.0073 -0.0522 0.4586 -0.0075 1.0000 -0.0035 0.3480 0.0522 0.0039 0.9986 -0.8177
0.9991 0.0041 -0.0434 0.9511 -0.0042 1.0000 -0.0018 -0.0667 0.0433 0.0020 0.9991 0.3015
0.9994 0.0059 -0.0354 -0.3459 -0.0059 1.0000 0.0005 0.1253 0.0354 -0.0003 0.9994 -0.9299
0.9996 0.0046 -0.0290 0.3739 -0.0047 1.0000 -0.0019 -0.1048 0.0290 0.0020 0.9996 0.9215
0.9997 0.0022 -0.0255 0.4113 -0.0022 1.0000 -0.0023 -0.0972 0.0255 0.0024 0.9997 0.9063
0.9997 0.0031 -0.0227 0.3401 -0.0031 1.0000 -0.0010 -0.1317 0.0227 0.0011 0.9997 0.9311
0.9998 0.0050 -0.0188 0.4389 -0.0050 1.0000 0.0003 -0.0896 0.0188 -0.0002 0.9998 0.8941
0.9999 0.0028 -0.0144 0.3630 -0.0028 1.0000 0.0003 -0.1284 0.0144 -0.0003 0.9999 0.9229
0.9999 0.0036 -0.0097 0.3924 -0.0036 1.0000 -0.0006 -0.0966 0.0097 0.0006 1.0000 0.9147
1.0000 0.0012 -0.0062 0.3788 -0.0012 1.0000 -0.0020 -0.0616 0.0062 0.0020 1.0000 0.9234
1.0000 0.0027 -0.0023 0.3850 -0.0027 1.0000 0.0006 -0.0824 0.0023 -0.0006 1.0000 0.9192
1.0000 -0.0006 -0.0026 0.4305 0.0006 1.0000 0.0008 -0.1040 0.0026 -0.0008 1.0000 0.8966
1.0000 0.0003 0.0011 0.3699 -0.0003 1.0000 0.0032 -0.1330 -0.0011 -0.0032 1.0000 0.9195
1.0000 -0.0005 0.0001 0.4423 0.0005 1.0000 0.0006 -0.0981 -0.0001 -0.0006 1.0000 0.8915
1.0000 -0.0011 0.0005 0.4276 0.0011 1.0000 -0.0006 -0.0874 -0.0005 0.0006 1.0000 0.8997
1.0000 -0.0021 0.0002 0.4160 0.0021 1.0000 -0.0034 -0.0984 -0.0002 0.0034 1.0000 0.9040
1.0000 -0.0031 -0.0006 0.4509 0.0031 1.0000 -0.0046 -0.0845 0.0006 0.0046 1.0000 0.8886
1.0000 -0.0005 0.0007 0.4182 0.0005 1.0000 -0.0011 -0.0885 -0.0007 0.0011 1.0000 0.9040
1.0000 0.0011 0.0011 0.4175 -0.0011 1.0000 -0.0004 -0.0837 -0.0011 0.0004 1.0000 0.9048
1.0000 -0.0001 0.0006 0.4578 0.0001 1.0000 -0.0014 -0.0640 -0.0006 0.0014 1.0000 0.8867
1.0000 -0.0022 0.0017 0.4245 0.0022 1.0000 -0.0009 -0.0776 -0.0017 0.0009 1.0000 0.9021
