1.0000 -0.0022 -0.0010 -0.0112 0.0022 1.0000 -0.0024 -0.0033 0.0010 0.0024 1.0000 0.9999
1.0000 -0.0007 -0.0058 0.0218 0.0007 1.0000 -0.0001 -0.0269 0.0058 0.0001 1.0000 0.9994
1.0000 -0.0002 -0.0065 0.1444 0.0002 1.0000 0.0008 -0.0910 0.0065 -0.0008 1.0000 0.9853
1.0000 0.0026 -0.0033 -0.0683 -0.0026 1.0000 -0.0004 0.0028 0.0033 0.0004 1.0000 0.9977
1.0000 0.0017 -0.0030 0.0529 -0.0017 1.0000 -0.0004 -0.0281 0.0030 0.0004 1.0000 0.9982
1.0000 0.0005 -0.0021 -0.1250 -0.0005 1.0000 0.0000 -0.0140 0.0021 -0.0000 1.0000 0.9921
1.0000 0.0007 -0.0030 -0.1841 -0.0007 1.0000 -0.0024 0.0521 0.0030 0.0024 1.0000 0.9815
1.0000 0.0002 -0.0013 -0.1228 -0.0002 1.0000 0.0017 0.0050 0.0013 -0.0017 1.0000 0.9924
1.0000 -0.0028 -0.0009 -0.2166 0.0028 1.0000 0.0029 0.0097 0.0008 -0.0029 1.0000 0.9762
1.0000 -0.0015 -0.0033 -0.0939 0.0015 1.0000 0.0030 0.0180 0.0033 -0.0030 1.0000 0.9954
1.0000 0.0024 -0.0041 -0.0120 -0.0024 1.0000 -0.0002 -0.0229 0.0041 0.0002 1.0000 0.9997
0.9996 0.0049 -0.0289 0.4759 -0.0047 1.0000 0.0054 -0.1565 0.0289 -0.0053 0.9996 0.8655
1.0000 -0.0038 -0.0001 -0.1335 0.0038 1.0000 -0.0011 0.0166 0.0001 0.0011 1.0000 0.9909
1.0000 0.0027 -0.0035 -0.0146 -0.0028 1.0000 -0.0018 0.0319 0.0035 0.0018 1.0000 0.9994
0.9999 0.0150 -0.0020 0.1654 -0.0150 0.9999 -0.0010 -0.2260 0.0020 0.0010 1.0000 0.9600
1.0000 0.0013 0.0008 -0.0538 -0.0013 1.0000 -0.0017 -0.0258 -0.0008 0.0017 1.0000 0.9982
1.0000 -0.0066 -0.0017 -0.0428 0.0066 1.0000 -0.0041 0.0762 0.0017 0.0041 1.0000 0.9962
1.0000 0.0015 -0.0013 -0.0460 -0.0015 1.0000 -0.0023 0.0418 0.0013 0.0023 1.0000 0.9981
1.0000 0.0022 -0.0004 -0.1025 -0.0022 1.0000 -0.0002 -0.0069 0.0004 0.0002 1.0000 0.9947
1.0000 -0.0070 -0.0027 0.0018 0.0070 1.0000 0.0004 0.0647 0.0027 -0.0004 1.0000 0.9979
1.0000 0.0027 -0.0003 -0.0459 -0.0027 1.0000 0.0014 -0.0255 0.0003 -0.0014 1.0000 0.9986
1.0000 0.0028 -0.0002 -0.0855 -0.0028 1.0000 -0.0002 -0.0212 0.0002 0.0002 1.0000 0.9961
0.9999 0.0063 -0.0081 0.1562 -0.0063 1.0000 -0.0007 -0.0630 0.0081 0.0008 1.0000 0.9857
0.9999 0.0014 -0.0114 0.1794 -0.0014 1.0000 -0.0017 -0.0132 0.0114 0.0017 0.9999 0.9837
1.0000 -0.0029 0.0016 -0.0645 0.0029 1.0000 0.0018 0.0238 -0.0016 -0.0018 1.0000 0.9976
1.0000 0.0037 -0.0014 0.0110 -0.0037 1.0000 0.0037 -0.0318 0.0014 -0.0037 1.0000 0.9994
0.9929 -0.0023 0.1188 -0.9959 0.0017 1.0000 0.0045 -0.0061 -0.1188 -0.0043 0.9929 0.0906
1.0000 0.0027 0.0008 0.0003 -0.0027 1.0000 0.0033 -0.0667 -0.0008 -0.0033 1.0000 0.9978
1.0000 0.0008 0.0007 0.0793 -0.0008 1.0000 0.0004 -0.0324 -0.0007 -0.0004 1.0000 0.9963
1.0000 0.0006 0.0037 -0.0546 -0.0006 1.0000 -0.0027 -0.0077 -0.0037 0.0027 1.0000 0.9985
1.0000 0.0020 -0.0004 -0.0660 -0.0020 1.0000 -0.0054 -0.0122 0.0004 0.0054 1.0000 0.9977
1.0000 -0.0013 -0.0043 0.1547 0.0013 1.0000 -0.0011 -0.0403 0.0043 0.0011 1.0000 0.9871
1.0000 -0.0061 0.0015 -0.0292 0.0061 1.0000 0.0011 0.0048 -0.0015 -0.0011 1.0000 0.9996
1.0000 0.0017 -0.0021 0.0520 -0.0017 1.0000 0.0051 -0.0444 0.0021 -0.0051 1.0000 0.9977
1.0000 -0.0011 -0.0017 0.0800 0.0011 1.0000 0.0045 -0.0532 0.0017 -0.0045 1.0000 0.9954
0.9999 -0.0112 -0.0003 -0.0718 0.0112 0.9999 -0.0018 0.0570 0.0003 0.0018 1.0000 0.9958
1.0000 -0.0058 -0.0001 -0.1156 0.0058 1.0000 -0.0037 0.0066 0.0001 0.0037 1.0000 0.9933
1.0000 0.0005 -0.0004 -0.0965 -0.0005 1.0000 -0.0033 -0.0350 0.0004 0.0033 1.0000 0.9947
1.0000 0.0060 -0.0032 0.0921 -0.0060 1.0000 -0.0000 -0.0841 0.0032 0.0001 1.0000 0.9922
1.0000 -0.0029 -0.0028 0.0399 0.0029 1.0000 0.0001 0.0735 0.0028 -0.0001 1.0000 0.9965
1.0000 -0.0003 0.0002 -0.1264 0.0003 1.0000 0.0027 0.0004 -0.0002 -0.0027 1.0000 0.9920
1.0000 -0.0003 0.0005 -0.1303 0.0003 1.0000 0.0007 0.0076 -0.0005 -0.0007 1.0000 0.9914
1.0000 0.0000 0.0012 -0.0599 -0.0000 1.0000 0.0028 0.0045 -0.0012 -0.0028 1.0000 0.9982
1.0000 -0.0005 0.0016 -0.0035 0.0005 1.0000 0.0029 -0.0034 -0.0016 -0.0029 1.0000 1.0000
1.0000 0.0021 -0.0027 0.0183 -0.0021 1.0000 0.0016 0.0452 0.0027 -0.0016 1.0000 0.9988
1.0000 0.0023 0.0006 0.0469 -0.0023 1.0000 -0.0002 -0.0399 -0.0006 0.0002 1.0000 0.9981
1.0000 0.0022 0.0015 -0.1110 -0.0022 1.0000 -0.0006 -0.0558 -0.0015 0.0006 1.0000 0.9923
1.0000 0.0050 -0.0030 0.1439 -0.0050 1.0000 -0.0026 -0.0171 0.0030 0.0026 1.0000 0.9894
1.0000 -0.0013 0.0007 -0.0597 0.0013 1.0000 0.0013 -0.0176 -0.0007 -0.0013 1.0000 0.9981
1.0000 -0.0006 0.0016 -0.1134 0.0006 1.0000 0.0016 -0.0388 -0.0016 -0.0016 1.0000 0.9928
1.0000 -0.0026 -0.0036 0.0183 0.0026 1.0000 0.0002 0.0144 0.0036 -0.0002 1.0000 0.9997
1.0000 -0.0035 -0.0009 -0.0819 0.0035 1.0000 -0.0042 0.0354 0.0009 0.0042 1.0000 0.9960
1.0000 0.0037 -0.0032 0.0589 -0.0037 1.0000 -0.0042 -0.0342 0.0032 0.0043 1.0000 0.9977
1.0000 0.0013 0.0012 -0.1352 -0.0013 1.0000 -0.0017 0.0112 -0.0012 0.0017 1.0000 0.9908
1.0000 -0.0024 0.0007 -0.0451 0.0024 1.0000 0.0032 0.0023 -0.0008 -0.0032 1.0000 0.9990
1.0000 -0.0019 -0.0014 0.0431 0.0019 1.0000 0.0020 0.0210 0.0014 -0.0020 1.0000 0.9988
1.0000 -0.0017 0.0008 -0.0389 0.0017 1.0000 0.0009 -0.0138 -0.0008 -0.0009 1.0000 0.9991
1.0000 -0.0020 0.0013 -0.0465 0.0020 1.0000 -0.0005 -0.0434 -0.0013 0.0005 1.0000 0.9980
1.0000 -0.0077 -0.0007 -0.0263 0.0077 1.0000 -0.0016 0.0229 0.0007 0.0016 1.0000 0.9994
1.0000 -0.0019 -0.0017 0.0354 0.0019 1.0000 -0.0007 0.0311 0.0017 0.0007 1.0000 0.9989
1.0000 -0.0038 -0.0016 -0.0179 0.0039 1.0000 0.0047 -0.0231 0.0016 -0.0047 1.0000 0.9996
1.0000 -0.0056 -0.0001 -0.1057 0.0056 1.0000 0.0053 0.0134 0.0000 -0.0053 1.0000 0.9943
1.0000 0.0009 -0.0001 -0.0546 -0.0009 1.0000 0.0030 -0.0169 0.0001 -0.0030 1.0000 0.9984
1.0000 -0.0068 -0.0002 -0.1137 0.0068 1.0000 -0.0045 0.0393 0.0002 0.0045 1.0000 0.9927
1.0000 0.0027 0.0005 -0.0946 -0.0027 1.0000 -0.0075 -0.0164 -0.0005 0.0075 1.0000 0.9954
1.0000 0.0009 -0.0006 -0.0456 -0.0009 1.0000 -0.0041 -0.0131 0.0005 0.0041 1.0000 0.9989
1.0000 0.0035 -0.0001 -0.0695 -0.0035 1.0000 0.0011 -0.0260 0.0001 -0.0011 1.0000 0.9972
1.0000 0.0016 0.0009 -0.0648 -0.0016 1.0000 0.0033 -0.0645 -0.0009 -0.0033 1.0000 0.9958
1.0000 0.0021 -0.0031 0.0427 -0.0021 1.0000 0.0015 -0.0182 0.0031 -0.0015 1.0000 0.9989
1.0000 -0.0005 -0.0000 -0.0713 0.0005 1.0000 0.0000 -0.0091 0.0000 -0.0000 1.0000 0.9974
1.0000 -0.0006 -0.0032 -0.0132 0.0006 1.0000 0.0002 -0.0064 0.0032 -0.0002 1.0000 0.9999
1.0000 0.0021 -0.0044 0.1654 -0.0021 1.0000 0.0014 -0.0676 0.0044 -0.0014 1.0000 0.9839
1.0000 -0.0013 -0.0018 -0.0488 0.0013 1.0000 -0.0003 0.0124 0.0018 0.0003 1.0000 0.9987
1.0000 -0.0007 0.0009 -0.1427 0.0007 1.0000 0.0001 -0.0070 -0.0009 -0.0001 1.0000 0.9897
1.0000 0.0010 -0.0015 -0.0662 -0.0010 1.0000 0.0014 0.0358 0.0015 -0.0014 1.0000 0.9972
1.0000 -0.0001 -0.0037 0.0689 0.0001 1.0000 0.0049 -0.0533 0.0037 -0.0049 1.0000 0.9962
1.0000 0.0035 -0.0011 -0.0630 -0.0035 1.0000 0.0026 -0.0252 0.0011 -0.0026 1.0000 0.9977
1.0000 0.0019 0.0002 -0.0860 -0.0019 1.0000 -0.0043 -0.0079 -0.0002 0.0043 1.0000 0.9963
1.0000 0.0023 0.0019 -0.1275 -0.0022 1.0000 -0.0070 -0.0251 -0.0019 0.0070 1.0000 0.9915
1.0000 0.0005 0.0011 -0.0495 -0.0005 1.0000 -0.0055 -0.0084 -0.0011 0.0055 1.0000 0.9987
1.0000 0.0014 0.0001 -0.0172 -0.0014 1.0000 -0.0003 -0.0110 -0.0001 0.0003 1.0000 0.9998
1.0000 0.0035 0.0011 -0.1171 -0.0035 1.0000 0.0027 0.0003 -0.0011 -0.0027 1.0000 0.9931
1.0000 -0.0015 0.0047 -0.2464 0.0014 1.0000 0.0034 -0.0468 -0.0047 -0.0034 1.0000 0.9681
1.0000 -0.0026 0.0025 -0.1728 0.0026 1.0000 -0.0040 -0.0066 -0.0025 0.0040 1.0000 0.9849
1.0000 -0.0083 0.0016 -0.0447 0.0083 1.0000 -0.0048 -0.0504 -0.0015 0.0048 1.0000 0.9977
0.9999 -0.0081 -0.0119 0.4231 0.0080 0.9999 -0.0113 0.2297 0.0120 0.0112 0.9999 0.8765
0.9999 0.0021 -0.0124 0.4610 -0.0021 1.0000 -0.0010 0.0159 0.0124 0.0010 0.9999 0.8873
1.0000 0.0051 0.0045 -0.0344 -0.0051 1.0000 0.0035 -0.0400 -0.0045 -0.0035 1.0000 0.9986
1.0000 -0.0022 0.0055 -0.0618 0.0022 1.0000 0.0013 0.0411 -0.0055 -0.0013 1.0000 0.9972
1.0000 -0.0031 0.0073 -0.0471 0.0031 1.0000 0.0044 -0.0124 -0.0073 -0.0044 1.0000 0.9988
0.9999 -0.0045 0.0152 -0.3200 0.0045 1.0000 0.0014 0.0512 -0.0152 -0.0014 0.9999 0.9460
0.9999 0.0028 0.0126 -0.1547 -0.0028 1.0000 -0.0023 0.0534 -0.0126 0.0023 0.9999 0.9865
0.9999 0.0068 0.0130 0.0204 -0.0068 1.0000 0.0011 -0.0766 -0.0130 -0.0012 0.9999 0.9968
1.0000 0.0056 0.0080 0.3805 -0.0056 1.0000 0.0031 -0.1171 -0.0079 -0.0032 1.0000 0.9174
0.9998 -0.0021 0.0172 0.2296 0.0021 1.0000 -0.0002 0.0247 -0.0172 0.0002 0.9999 0.9730
1.0000 -0.0028 -0.0020 0.7788 0.0028 1.0000 -0.0020 0.0718 0.0020 0.0020 1.0000 0.6232
0.9994 -0.0019 0.0352 -0.3093 0.0020 1.0000 -0.0010 0.0603 -0.0352 0.0011 0.9994 0.9491
0.9998 -0.0001 0.0181 0.4973 0.0000 1.0000 0.0035 -0.0714 -0.0181 -0.0035 0.9998 0.8646
0.9992 -0.0001 0.0400 -0.2473 0.0001 1.0000 0.0012 -0.0364 -0.0400 -0.0012 0.9992 0.9682
0.9992 0.0010 0.0392 0.1790 -0.0010 1.0000 -0.0010 0.0591 -0.0392 0.0010 0.9992 0.9821
0.9999 -0.0016 0.0128 0.8124 0.0015 1.0000 0.0049 -0.1089 -0.0128 -0.0049 0.9999 0.5729
0.9989 0.0028 0.0472 0.2390 -0.0027 1.0000 -0.0019 -0.0191 -0.0472 0.0017 0.9989 0.9708
0.9988 -0.0003 0.0495 0.2942 0.0003 1.0000 -0.0007 -0.0773 -0.0495 0.0007 0.9988 0.9526
0.9983 -0.0009 0.0591 0.1398 0.0010 1.0000 -0.0014 -0.0094 -0.0590 0.0015 0.9983 0.9901
0.9981 0.0037 0.0618 0.1591 -0.0038 1.0000 0.0009 -0.0381 -0.0618 -0.0011 0.9981 0.9865
0.9977 -0.0017 0.0682 0.0521 0.0020 1.0000 -0.0030 0.0474 -0.0682 0.0032 0.9977 0.9975
0.9981 -0.0046 0.0621 0.2722 0.0046 1.0000 0.0004 -0.0759 -0.0621 -0.0001 0.9981 0.9592
0.9986 0.0048 0.0525 0.3323 -0.0026 0.9991 -0.0418 0.7803 -0.0526 0.0417 0.9977 0.5299
0.9980 0.0004 0.0633 0.2020 -0.0006 1.0000 0.0036 -0.0775 -0.0633 -0.0036 0.9980 0.9763
0.9980 0.0020 0.0635 0.1580 -0.0022 1.0000 0.0034 -0.0419 -0.0635 -0.0035 0.9980 0.9865
0.9979 -0.0017 0.0649 0.1313 0.0015 1.0000 0.0029 -0.1084 -0.0649 -0.0028 0.9979 0.9854
0.9976 -0.0055 0.0690 -0.0775 0.0057 1.0000 -0.0030 0.0109 -0.0690 0.0034 0.9976 0.9969
0.9982 -0.0038 0.0596 0.1652 0.0039 1.0000 -0.0018 0.0347 -0.0596 0.0020 0.9982 0.9857
0.9985 0.0035 0.0538 0.1887 -0.0035 1.0000 -0.0000 -0.0787 -0.0538 -0.0002 0.9986 0.9789
0.9986 0.0019 0.0537 0.1601 -0.0018 1.0000 -0.0024 0.0261 -0.0537 0.0023 0.9986 0.9867
0.9987 -0.0000 0.0510 0.1689 0.0002 1.0000 -0.0032 0.0095 -0.0510 0.0032 0.9987 0.9856
0.9989 -0.0056 0.0468 0.2149 0.0056 1.0000 0.0003 -0.0247 -0.0468 0.0000 0.9989 0.9763
0.9989 -0.0190 0.0423 0.1533 0.0190 0.9998 0.0010 0.0613 -0.0423 -0.0002 0.9991 0.9863
0.9992 -0.0038 0.0395 0.0985 0.0037 1.0000 0.0011 0.0475 -0.0395 -0.0009 0.9992 0.9940
0.9994 0.0029 0.0342 0.1504 -0.0028 1.0000 -0.0029 -0.0182 -0.0342 0.0028 0.9994 0.9885
0.9994 0.0131 0.0314 0.0849 -0.0129 0.9999 -0.0043 -0.0229 -0.0315 0.0039 0.9995 0.9961
0.9996 0.0025 0.0284 0.1134 -0.0024 1.0000 -0.0042 -0.0066 -0.0284 0.0041 0.9996 0.9935
0.9996 0.0004 0.0280 0.0012 -0.0003 1.0000 -0.0023 -0.0055 -0.0280 0.0023 0.9996 1.0000
0.9996 -0.0146 0.0225 0.1104 0.0147 0.9999 -0.0036 0.0300 -0.0225 0.0040 0.9997 0.9934
0.9998 -0.0038 0.0208 0.1672 0.0039 1.0000 -0.0069 -0.0343 -0.0208 0.0070 0.9998 0.9853
0.9998 -0.0101 0.0192 0.0227 0.0102 0.9999 -0.0082 0.1072 -0.0192 0.0084 0.9998 0.9940
0.9998 0.0059 0.0186 -0.0247 -0.0059 1.0000 0.0007 -0.0445 -0.0186 -0.0008 0.9998 0.9987
0.9999 0.0058 0.0151 0.0460 -0.0059 1.0000 0.0046 -0.0175 -0.0151 -0.0047 0.9999 0.9988
0.9999 -0.0010 0.0138 0.0633 0.0010 1.0000 0.0033 0.0159 -0.0138 -0.0033 0.9999 0.9979
0.9999 -0.0022 0.0146 -0.0172 0.0021 1.0000 0.0027 -0.0095 -0.0146 -0.0027 0.9999 0.9998
0.9999 -0.0036 0.0120 0.0337 0.0036 1.0000 -0.0004 0.0178 -0.0120 0.0004 0.9999 0.9993
1.0000 0.0005 0.0098 0.0457 -0.0005 1.0000 0.0001 -0.0438 -0.0098 -0.0001 1.0000 0.9980
1.0000 -0.0028 0.0064 0.1212 0.0028 1.0000 -0.0005 -0.0077 -0.0064 0.0006 1.0000 0.9926
1.0000 0.0020 0.0069 -0.0416 -0.0020 1.0000 -0.0001 -0.0438 -0.0069 0.0000 1.0000 0.9982
1.0000 0.0005 0.0057 0.0892 -0.0005 1.0000 -0.0004 -0.0856 -0.0057 0.0004 1.0000 0.9923
1.0000 0.0032 0.0043 0.1589 -0.0032 1.0000 0.0005 -0.1224 -0.0043 -0.0005 1.0000 0.9797
1.0000 -0.0037 0.0040 0.0433 0.0037 1.0000 -0.0005 -0.0047 -0.0040 0.0005 1.0000 0.9991
1.0000 0.0034 0.0031 0.0100 -0.0034 1.0000 -0.0001 -0.0568 -0.0031 0.0001 1.0000 0.9983
1.0000 -0.0004 0.0027 0.0496 0.0004 1.0000 0.0016 -0.0697 -0.0027 -0.0016 1.0000 0.9963
0.9989 -0.0026 0.0469 -0.9068 0.0032 0.9999 -0.0137 0.2869 -0.0469 0.0139 0.9988 0.3089
0.9988 -0.0025 0.0497 -0.8482 0.0037 0.9997 -0.0254 0.4464 -0.0497 0.0256 0.9984 0.2851
1.0000 -0.0014 -0.0002 -0.0350 0.0014 1.0000 0.0000 0.0015 0.0002 -0.0000 1.0000 0.9994
1.0000 -0.0004 -0.0012 -0.0301 0.0004 1.0000 -0.0006 -0.0063 0.0012 0.0006 1.0000 0.9995
1.0000 0.0007 -0.0001 -0.1396 -0.0007 1.0000 0.0010 -0.0776 0.0001 -0.0010 1.0000 0.9872
1.0000 -0.0027 0.0007 -0.2082 0.0027 1.0000 -0.0029 0.1193 -0.0007 0.0029 1.0000 0.9708
1.0000 0.0006 -0.0056 0.0716 -0.0006 1.0000 0.0030 -0.0493 0.0056 -0.0030 1.0000 0.9962
1.0000 0.0021 -0.0036 -0.0256 -0.0021 1.0000 0.0011 0.0038 0.0036 -0.0011 1.0000 0.9997
1.0000 0.0042 -0.0018 -0.1023 -0.0042 1.0000 0.0022 -0.0028 0.0018 -0.0022 1.0000 0.9948
1.0000 0.0029 -0.0035 -0.0193 -0.0029 1.0000 0.0016 -0.0231 0.0035 -0.0016 1.0000 0.9995
1.0000 0.0082 -0.0041 0.0165 -0.0082 1.0000 0.0021 -0.1633 0.0041 -0.0021 1.0000 0.9864
1.0000 0.0038 -0.0033 0.0168 -0.0038 1.0000 -0.0039 -0.0325 0.0033 0.0039 1.0000 0.9993
1.0000 0.0087 0.0006 -0.0643 -0.0087 0.9999 -0.0055 -0.0126 -0.0006 0.0055 1.0000 0.9978
1.0000 0.0035 -0.0013 0.0777 -0.0035 1.0000 -0.0020 -0.0313 0.0013 0.0020 1.0000 0.9965
1.0000 0.0037 -0.0001 -0.0216 -0.0037 1.0000 0.0025 -0.0659 0.0001 -0.0025 1.0000 0.9976
1.0000 0.0036 -0.0014 0.0442 -0.0036 1.0000 0.0019 -0.0016 0.0014 -0.0018 1.0000 0.9990
1.0000 -0.0016 0.0070 -0.1856 0.0016 1.0000 -0.0007 0.0218 -0.0070 0.0007 1.0000 0.9824
1.0000 0.0036 0.0025 -0.0889 -0.0036 1.0000 0.0018 -0.0558 -0.0025 -0.0018 1.0000 0.9945
1.0000 0.0034 0.0006 -0.0247 -0.0034 1.0000 0.0007 -0.0712 -0.0006 -0.0007 1.0000 0.9972
1.0000 0.0060 0.0028 -0.1077 -0.0060 1.0000 0.0008 -0.0577 -0.0028 -0.0008 1.0000 0.9925
1.0000 0.0036 0.0029 -0.0557 -0.0036 1.0000 -0.0008 -0.0239 -0.0029 0.0008 1.0000 0.9982
1.0000 -0.0010 0.0010 0.0059 0.0010 1.0000 -0.0003 0.0167 -0.0010 0.0003 1.0000 0.9998
1.0000 0.0068 0.0042 0.0045 -0.0068 1.0000 0.0025 -0.0651 -0.0042 -0.0026 1.0000 0.9979
1.0000 0.0028 0.0050 0.0015 -0.0028 1.0000 0.0028 -0.0241 -0.0050 -0.0028 1.0000 0.9997
1.0000 0.0022 0.0063 0.0067 -0.0022 1.0000 0.0027 -0.0235 -0.0063 -0.0027 1.0000 0.9997
0.9999 0.0022 0.0099 -0.0557 -0.0022 1.0000 0.0003 -0.0411 -0.0099 -0.0003 1.0000 0.9976
0.9999 0.0036 0.0099 -0.0068 -0.0036 1.0000 -0.0006 -0.0346 -0.0099 0.0005 1.0000 0.9994
1.0000 0.0017 0.0094 0.0009 -0.0017 1.0000 0.0012 -0.0338 -0.0094 -0.0012 1.0000 0.9994
0.9999 -0.0007 0.0112 -0.0135 0.0007 1.0000 0.0004 0.0094 -0.0112 -0.0004 0.9999 0.9999
1.0000 0.0023 0.0095 0.0435 -0.0023 1.0000 0.0018 -0.0403 -0.0095 -0.0019 1.0000 0.9982
0.9999 -0.0029 0.0102 -0.0059 0.0029 1.0000 -0.0002 -0.0072 -0.0102 0.0002 0.9999 1.0000
1.0000 0.0010 0.0099 0.0756 -0.0010 1.0000 0.0007 -0.0483 -0.0099 -0.0007 1.0000 0.9960
0.9999 0.0046 0.0096 0.0522 -0.0046 1.0000 0.0016 -0.0766 -0.0096 -0.0017 1.0000 0.9957
0.9999 -0.0007 0.0105 0.0135 0.0007 1.0000 -0.0014 -0.0074 -0.0105 0.0014 0.9999 0.9999
1.0000 0.0001 0.0092 0.0520 -0.0001 1.0000 -0.0012 -0.0043 -0.0092 0.0012 1.0000 0.9986
1.0000 -0.0001 0.0083 0.0669 0.0001 1.0000 -0.0019 0.0302 -0.0083 0.0019 1.0000 0.9973
1.0000 0.0001 0.0092 0.0615 -0.0001 1.0000 0.0010 -0.0564 -0.0092 -0.0010 1.0000 0.9965
1.0000 0.0000 0.0095 -0.0411 -0.0000 1.0000 0.0000 -0.0190 -0.0095 -0.0000 1.0000 0.9990
0.9999 -0.0020 0.0120 -0.0966 0.0020 1.0000 0.0004 -0.0112 -0.0120 -0.0004 0.9999 0.9953
1.0000 -0.0016 0.0074 0.0074 0.0016 1.0000 0.0011 -0.0006 -0.0074 -0.0011 1.0000 1.0000
1.0000 0.0008 0.0056 -0.0023 -0.0008 1.0000 0.0032 -0.0627 -0.0056 -0.0032 1.0000 0.9980
1.0000 0.0007 0.0042 -0.0178 -0.0007 1.0000 0.0027 -0.0712 -0.0042 -0.0027 1.0000 0.9973
1.0000 -0.0011 0.0022 -0.0244 0.0011 1.0000 -0.0004 0.0056 -0.0022 0.0004 1.0000 0.9997
1.0000 -0.0010 0.0031 -0.0795 0.0010 1.0000 -0.0003 0.0322 -0.0031 0.0003 1.0000 0.9963
1.0000 -0.0033 -0.0001 0.0265 0.0033 1.0000 -0.0006 -0.0032 0.0001 0.0006 1.0000 0.9996
1.0000 -0.0007 -0.0028 0.1101 0.0007 1.0000 -0.0018 0.0043 0.0028 0.0018 1.0000 0.9939
1.0000 -0.0006 -0.0016 -0.0377 0.0006 1.0000 -0.0015 0.0013 0.0016 0.0015 1.0000 0.9993
1.0000 -0.0008 -0.0067 0.0135 0.0008 1.0000 -0.0002 -0.0476 0.0067 0.0002 1.0000 0.9988
1.0000 0.0010 -0.0042 -0.1265 -0.0010 1.0000 -0.0008 -0.0304 0.0042 0.0008 1.0000 0.9915
0.9999 -0.0027 -0.0125 -0.0075 0.0027 1.0000 -0.0004 -0.0014 0.0125 0.0004 0.9999 1.0000
0.9999 0.0016 -0.0128 -0.0442 -0.0016 1.0000 -0.0001 -0.0254 0.0128 0.0001 0.9999 0.9987
0.9999 0.0014 -0.0165 -0.0412 -0.0015 1.0000 -0.0040 0.0735 0.0165 0.0040 0.9999 0.9964
0.9998 0.0006 -0.0202 -0.0514 -0.0007 1.0000 -0.0027 -0.0088 0.0202 0.0027 0.9998 0.9986
0.9998 0.0003 -0.0220 -0.1287 -0.0004 1.0000 -0.0036 -0.0220 0.0220 0.0036 0.9998 0.9914
0.9995 0.0006 -0.0303 -0.0097 -0.0006 1.0000 -0.0010 -0.0297 0.0303 0.0010 0.9995 0.9995
0.9994 0.0012 -0.0342 -0.0302 -0.0011 1.0000 0.0012 -0.0137 0.0342 -0.0012 0.9994 0.9995
0.9991 0.0019 -0.0430 0.0750 -0.0017 1.0000 0.0028 -0.0120 0.0430 -0.0027 0.9991 0.9971
0.9990 0.0010 -0.0454 0.0180 -0.0007 1.0000 0.0047 -0.0475 0.0454 -0.0046 0.9990 0.9987
0.9990 0.0101 -0.0432 -0.1116 -0.0097 0.9999 0.0105 -0.1047 0.0433 -0.0101 0.9990 0.9882
0.9992 0.0066 -0.0391 -0.4685 -0.0063 1.0000 0.0066 -0.0738 0.0392 -0.0064 0.9992 0.8804
0.9988 0.0029 -0.0487 -0.2307 -0.0027 1.0000 0.0047 -0.0698 0.0488 -0.0046 0.9988 0.9705
0.9979 0.0003 -0.0647 0.1131 -0.0003 1.0000 -0.0001 -0.0408 0.0647 0.0001 0.9979 0.9927
0.9986 -0.0100 -0.0518 -0.3722 0.0101 0.9999 0.0029 -0.1576 0.0518 -0.0034 0.9987 0.9147
0.9779 -0.0050 -0.2088 0.8593 0.0017 0.9999 -0.0160 0.0648 0.2089 0.0153 0.9778 0.5073
0.9978 -0.0010 -0.0658 -0.1622 0.0009 1.0000 -0.0013 -0.1646 0.0658 0.0013 0.9978 0.9729
0.9976 0.0036 -0.0687 -0.1143 -0.0040 1.0000 -0.0058 0.0231 0.0687 0.0060 0.9976 0.9932
0.9980 -0.0104 -0.0617 -0.3329 0.0101 0.9999 -0.0046 0.1416 0.0617 0.0039 0.9981 0.9323
0.9979 0.0082 -0.0639 -0.2656 -0.0078 0.9999 0.0069 -0.3422 0.0640 -0.0064 0.9979 0.9013
0.9976 -0.0091 -0.0682 -0.1617 0.0091 1.0000 0.0004 0.0532 0.0682 -0.0010 0.9977 0.9854
0.9979 0.0043 -0.0650 -0.2258 -0.0043 1.0000 0.0005 0.0883 0.0650 -0.0002 0.9979 0.9702
0.9994 -0.0231 -0.0256 -0.2719 0.0191 0.9886 -0.1490 0.9449 0.0288 0.1485 0.9885 0.1825
0.9980 0.0055 -0.0633 -0.2159 -0.0052 1.0000 0.0046 0.0092 0.0634 -0.0042 0.9980 0.9764
0.9981 0.0016 -0.0614 -0.1575 -0.0012 1.0000 0.0067 -0.0099 0.0614 -0.0066 0.9981 0.9875
0.9984 0.0021 -0.0573 -0.1106 -0.0018 1.0000 0.0048 -0.0220 0.0573 -0.0047 0.9983 0.9936
0.9987 0.0033 -0.0512 -0.1102 -0.0031 1.0000 0.0027 -0.0005 0.0512 -0.0025 0.9987 0.9939
0.9991 0.0093 -0.0415 -0.2035 -0.0092 1.0000 0.0026 -0.0428 0.0415 -0.0023 0.9991 0.9781
0.9993 0.0068 -0.0360 -0.1116 -0.0068 1.0000 -0.0017 -0.0271 0.0360 0.0019 0.9994 0.9934
0.9995 0.0002 -0.0322 -0.0441 -0.0002 1.0000 -0.0005 -0.0182 0.0322 0.0005 0.9995 0.9989
0.9997 -0.0056 -0.0220 -0.0605 0.0056 1.0000 0.0006 -0.0373 0.0220 -0.0008 0.9998 0.9975
0.9999 -0.0032 -0.0150 -0.1316 0.0032 1.0000 -0.0000 -0.0248 0.0150 -0.0000 0.9999 0.9910
0.9999 0.0070 -0.0109 -0.1133 -0.0070 1.0000 -0.0003 -0.0195 0.0109 0.0003 0.9999 0.9934
0.9999 0.0029 -0.0107 0.0007 -0.0030 1.0000 -0.0002 -0.0052 0.0107 0.0002 0.9999 1.0000
0.9999 0.0091 -0.0054 -0.0565 -0.0091 1.0000 -0.0022 -0.0094 0.0054 0.0022 1.0000 0.9984
1.0000 0.0083 -0.0012 -0.0848 -0.0083 1.0000 -0.0042 -0.0180 0.0012 0.0042 1.0000 0.9962
1.0000 0.0015 -0.0012 -0.0066 -0.0015 1.0000 -0.0026 -0.0298 0.0012 0.0026 1.0000 0.9995
1.0000 -0.0018 0.0020 0.0937 0.0018 1.0000 -0.0046 0.0060 -0.0020 0.0046 1.0000 0.9956
1.0000 -0.0086 0.0029 0.0137 0.0087 0.9999 -0.0079 0.0518 -0.0029 0.0079 1.0000 0.9986
1.0000 -0.0017 0.0061 -0.0831 0.0018 1.0000 -0.0055 0.0151 -0.0061 0.0055 1.0000 0.9964
1.0000 0.0036 0.0032 0.0628 -0.0036 1.0000 0.0004 0.0021 -0.0032 -0.0004 1.0000 0.9980
1.0000 0.0043 0.0051 -0.0068 -0.0043 1.0000 0.0044 -0.0120 -0.0051 -0.0045 1.0000 0.9999
1.0000 -0.0032 0.0053 -0.0185 0.0032 1.0000 0.0039 0.0118 -0.0053 -0.0039 1.0000 0.9998
1.0000 -0.0035 0.0034 -0.0049 0.0035 1.0000 0.0050 0.0170 -0.0034 -0.0050 1.0000 0.9998
1.0000 0.0005 0.0047 0.0002 -0.0005 1.0000 0.0051 -0.0534 -0.0047 -0.0051 1.0000 0.9986
1.0000 -0.0049 0.0033 -0.0212 0.0049 1.0000 0.0006 -0.0343 -0.0033 -0.0006 1.0000 0.9992
1.0000 -0.0087 -0.0002 -0.0555 0.0087 1.0000 -0.0031 -0.0045 0.0002 0.0031 1.0000 0.9984
1.0000 -0.0012 0.0001 -0.0396 0.0013 1.0000 -0.0062 -0.0222 -0.0001 0.0062 1.0000 0.9990
1.0000 0.0015 -0.0009 0.0287 -0.0016 1.0000 -0.0056 -0.0477 0.0009 0.0056 1.0000 0.9985
1.0000 0.0041 -0.0040 0.0026 -0.0041 1.0000 -0.0030 -0.0035 0.0040 0.0031 1.0000 1.0000
1.0000 -0.0037 -0.0019 -0.1041 0.0037 1.0000 0.0034 0.0295 0.0019 -0.0035 1.0000 0.9941
1.0000 -0.0001 -0.0006 -0.0241 0.0001 1.0000 0.0077 0.0062 0.0006 -0.0077 1.0000 0.9997
1.0000 -0.0005 -0.0029 -0.0020 0.0005 1.0000 0.0068 -0.0406 0.0029 -0.0068 1.0000 0.9992
1.0000 0.0030 -0.0030 0.0002 -0.0030 1.0000 0.0004 -0.0353 0.0030 -0.0004 1.0000 0.9994
1.0000 0.0065 -0.0012 -0.0248 -0.0065 1.0000 -0.0040 -0.0234 0.0012 0.0040 1.0000 0.9994
1.0000 0.0005 -0.0027 -0.0254 -0.0005 1.0000 -0.0059 -0.0053 0.0027 0.0059 1.0000 0.9997
1.0000 -0.0033 -0.0060 0.0891 0.0033 1.0000 -0.0035 0.0202 0.0061 0.0035 1.0000 0.9958
1.0000 -0.0014 -0.0053 0.0675 0.0014 1.0000 -0.0008 0.0435 0.0053 0.0008 1.0000 0.9968
1.0000 -0.0032 -0.0032 -0.0235 0.0032 1.0000 0.0006 0.0455 0.0032 -0.0007 1.0000 0.9987
1.0000 -0.0019 -0.0022 -0.0017 0.0019 1.0000 0.0037 -0.0376 0.0022 -0.0037 1.0000 0.9993
1.0000 -0.0017 -0.0016 0.0009 0.0017 1.0000 0.0038 -0.0466 0.0016 -0.0038 1.0000 0.9989
1.0000 -0.0046 0.0002 -0.0253 0.0046 1.0000 0.0024 -0.0478 -0.0002 -0.0024 1.0000 0.9985
1.0000 -0.0012 -0.0039 0.1050 0.0012 1.0000 0.0010 0.0251 0.0039 -0.0010 1.0000 0.9942
1.0000 0.0085 0.0021 -0.0093 -0.0085 1.0000 -0.0013 -0.0463 -0.0021 0.0013 1.0000 0.9989
1.0000 0.0073 0.0006 0.0038 -0.0073 1.0000 -0.0038 -0.0046 -0.0006 0.0038 1.0000 1.0000
1.0000 0.0081 0.0011 -0.0105 -0.0081 1.0000 -0.0011 -0.0127 -0.0011 0.0011 1.0000 0.9999
1.0000 0.0078 0.0022 0.0178 -0.0078 1.0000 0.0016 -0.0407 -0.0022 -0.0016 1.0000 0.9990
1.0000 0.0023 0.0027 0.0322 -0.0023 1.0000 0.0022 -0.0052 -0.0027 -0.0022 1.0000 0.9995
1.0000 0.0019 0.0026 -0.0276 -0.0019 1.0000 0.0006 -0.0526 -0.0026 -0.0006 1.0000 0.9982
1.0000 0.0003 0.0033 -0.0142 -0.0003 1.0000 -0.0031 -0.0052 -0.0033 0.0031 1.0000 0.9999
1.0000 -0.0097 -0.0009 0.0640 0.0097 1.0000 0.0013 0.0093 0.0009 -0.0013 1.0000 0.9979
1.0000 -0.0063 -0.0011 0.0955 0.0063 1.0000 -0.0036 0.0264 0.0011 0.0036 1.0000 0.9951
1.0000 -0.0034 0.0008 -0.0397 0.0033 1.0000 0.0009 -0.0194 -0.0009 -0.0009 1.0000 0.9990
1.0000 -0.0014 -0.0017 0.0857 0.0014 1.0000 0.0012 0.0320 0.0017 -0.0013 1.0000 0.9958
1.0000 0.0053 0.0024 -0.0752 -0.0053 1.0000 0.0062 -0.0235 -0.0024 -0.0062 1.0000 0.9969
1.0000 0.0038 -0.0027 0.0500 -0.0038 1.0000 0.0046 -0.0154 0.0027 -0.0046 1.0000 0.9986
1.0000 -0.0011 0.0034 -0.0339 0.0011 1.0000 -0.0064 -0.0287 -0.0034 0.0064 1.0000 0.9990
1.0000 -0.0077 0.0009 -0.0513 0.0078 0.9999 -0.0128 -0.0614 -0.0008 0.0128 0.9999 0.9968
1.0000 -0.0037 -0.0046 0.2122 0.0036 1.0000 -0.0087 -0.0380 0.0047 0.0087 1.0000 0.9765
1.0000 -0.0027 -0.0009 -0.0370 0.0027 1.0000 0.0074 0.0526 0.0009 -0.0074 1.0000 0.9979
1.0000 -0.0013 -0.0011 -0.0005 0.0013 0.9998 0.0212 -0.0147 0.0011 -0.0212 0.9998 0.9999
1.0000 -0.0033 -0.0017 -0.0273 0.0033 0.9999 0.0141 0.0009 0.0016 -0.0141 0.9999 0.9996
1.0000 0.0021 -0.0025 0.0310 -0.0021 1.0000 -0.0074 0.0208 0.0025 0.0074 1.0000 0.9993
1.0000 0.0078 -0.0001 -0.0621 -0.0078 0.9998 -0.0167 -0.0088 -0.0001 0.0167 0.9999 0.9980
1.0000 -0.0015 -0.0030 0.0695 0.0015 1.0000 -0.0083 -0.0082 0.0031 0.0083 1.0000 0.9975
1.0000 -0.0068 -0.0003 -0.0937 0.0068 1.0000 -0.0037 0.0397 0.0004 0.0037 1.0000 0.9948
1.0000 0.0012 -0.0023 -0.0255 -0.0012 1.0000 0.0009 -0.0084 0.0023 -0.0009 1.0000 0.9996
1.0000 0.0018 -0.0040 -0.0200 -0.0018 1.0000 -0.0016 -0.0128 0.0040 0.0016 1.0000 0.9997
1.0000 0.0021 -0.0052 0.0250 -0.0021 1.0000 -0.0020 0.0048 0.0052 0.0021 1.0000 0.9997
1.0000 0.0066 -0.0035 0.0071 -0.0066 1.0000 -0.0002 0.0114 0.0035 0.0003 1.0000 0.9999
1.0000 0.0052 -0.0024 -0.0060 -0.0052 1.0000 0.0001 -0.0107 0.0024 -0.0001 1.0000 0.9999
1.0000 0.0041 0.0001 -0.0258 -0.0041 1.0000 0.0019 -0.0191 -0.0001 -0.0019 1.0000 0.9995
1.0000 -0.0011 0.0003 -0.0462 0.0011 1.0000 0.0044 -0.0236 -0.0003 -0.0044 1.0000 0.9987
1.0000 -0.0029 -0.0001 -0.0128 0.0029 1.0000 0.0007 -0.0251 0.0001 -0.0007 1.0000 0.9996
1.0000 -0.0030 -0.0003 -0.0809 0.0030 1.0000 -0.0045 0.0118 0.0004 0.0045 1.0000 0.9967
1.0000 -0.0049 -0.0028 -0.0688 0.0049 1.0000 -0.0042 0.0045 0.0028 0.0042 1.0000 0.9976
1.0000 -0.0046 -0.0030 -0.1955 0.0046 1.0000 0.0000 -0.0495 0.0030 -0.0000 1.0000 0.9794
0.9993 -0.0004 -0.0386 0.7593 0.0007 1.0000 0.0070 -0.0460 0.0386 -0.0070 0.9992 0.6491
1.0000 -0.0023 -0.0070 0.0358 0.0024 1.0000 0.0097 -0.0382 0.0070 -0.0097 0.9999 0.9986
1.0000 -0.0008 0.0004 -0.0513 0.0008 1.0000 0.0090 -0.0113 -0.0004 -0.0090 1.0000 0.9986
1.0000 0.0068 -0.0023 -0.1175 -0.0068 1.0000 0.0022 0.0046 0.0023 -0.0022 1.0000 0.9931
1.0000 0.0027 -0.0044 -0.0057 -0.0028 1.0000 -0.0055 -0.0128 0.0044 0.0055 1.0000 0.9999
1.0000 -0.0011 -0.0095 0.0394 0.0010 0.9999 -0.0114 0.0143 0.0096 0.0114 0.9999 0.9991
1.0000 -0.0055 -0.0071 -0.0335 0.0055 1.0000 -0.0053 0.0080 0.0071 0.0052 1.0000 0.9994
1.0000 -0.0007 -0.0061 -0.0768 0.0007 1.0000 0.0004 0.0013 0.0061 -0.0004 1.0000 0.9970
0.9999 0.0053 -0.0086 -0.0060 -0.0053 1.0000 0.0027 0.0116 0.0086 -0.0027 1.0000 0.9999
1.0000 0.0055 -0.0062 -0.0968 -0.0055 1.0000 -0.0009 -0.0331 0.0061 0.0010 1.0000 0.9948
1.0000 0.0040 -0.0087 -0.0412 -0.0041 1.0000 -0.0055 -0.0220 0.0086 0.0056 0.9999 0.9989
1.0000 0.0005 -0.0052 -0.1017 -0.0005 1.0000 -0.0022 -0.0254 0.0052 0.0022 1.0000 0.9945
1.0000 0.0021 -0.0043 -0.1080 -0.0021 1.0000 0.0017 -0.0033 0.0043 -0.0017 1.0000 0.9941
1.0000 0.0052 -0.0029 -0.1267 -0.0051 1.0000 0.0069 -0.0193 0.0029 -0.0069 1.0000 0.9918
0.9999 0.0019 -0.0139 0.0552 -0.0018 1.0000 0.0064 -0.0242 0.0139 -0.0064 0.9999 0.9982
0.9999 -0.0035 -0.0103 0.1230 0.0035 1.0000 0.0016 0.0553 0.0103 -0.0016 0.9999 0.9909
1.0000 -0.0007 -0.0046 -0.0290 0.0007 1.0000 0.0030 -0.0269 0.0046 -0.0030 1.0000 0.9992
1.0000 -0.0018 -0.0034 -0.0526 0.0018 1.0000 -0.0014 -0.0348 0.0034 0.0014 1.0000 0.9980
1.0000 0.0093 -0.0033 0.0370 -0.0094 0.9999 -0.0058 -0.0616 0.0033 0.0059 1.0000 0.9974
0.9865 0.0048 0.1637 -0.9740 0.0025 0.9990 -0.0442 0.2162 -0.1637 0.0441 0.9855 0.0670
1.0000 0.0023 -0.0056 0.0600 -0.0023 1.0000 -0.0018 -0.0312 0.0056 0.0018 1.0000 0.9977
1.0000 -0.0006 -0.0055 -0.0000 0.0007 1.0000 0.0061 -0.0049 0.0055 -0.0061 1.0000 1.0000
1.0000 0.0039 -0.0078 0.0977 -0.0039 1.0000 0.0082 0.0211 0.0079 -0.0082 0.9999 0.9950
1.0000 0.0007 -0.0022 -0.1055 -0.0007 1.0000 0.0054 0.0220 0.0022 -0.0054 1.0000 0.9942
1.0000 0.0000 -0.0029 0.0141 -0.0000 1.0000 -0.0032 -0.0507 0.0029 0.0032 1.0000 0.9986
0.9999 -0.0156 -0.0047 -0.0687 0.0155 0.9998 -0.0113 0.0251 0.0049 0.0112 0.9999 0.9973
0.9999 0.0019 -0.0130 0.2490 -0.0020 1.0000 -0.0049 -0.0415 0.0130 0.0049 0.9999 0.9676
1.0000 0.0075 -0.0041 -0.1084 -0.0075 1.0000 0.0017 -0.0319 0.0041 -0.0017 1.0000 0.9936
1.0000 -0.0038 -0.0080 -0.0887 0.0039 1.0000 0.0040 0.0210 0.0080 -0.0041 1.0000 0.9958
0.9945 0.0033 0.1045 -0.9378 0.0006 0.9993 -0.0369 0.3234 -0.1046 0.0368 0.9938 0.1264
1.0000 -0.0076 -0.0028 0.0097 0.0077 1.0000 0.0052 -0.0444 0.0027 -0.0052 1.0000 0.9990
0.9999 -0.0071 -0.0082 -0.0340 0.0070 1.0000 -0.0014 -0.0015 0.0082 0.0013 1.0000 0.9994
1.0000 -0.0028 -0.0043 -0.0073 0.0028 1.0000 -0.0068 -0.0179 0.0043 0.0068 1.0000 0.9998
0.9999 -0.0143 -0.0066 -0.0655 0.0143 0.9999 -0.0097 0.0089 0.0067 0.0096 0.9999 0.9978
1.0000 -0.0067 -0.0048 0.0441 0.0067 1.0000 -0.0035 -0.0306 0.0049 0.0035 1.0000 0.9986
1.0000 0.0015 -0.0058 -0.0381 -0.0015 1.0000 0.0078 0.0142 0.0058 -0.0078 1.0000 0.9992
1.0000 0.0032 -0.0060 -0.0557 -0.0032 0.9999 0.0114 0.0409 0.0061 -0.0113 0.9999 0.9976
0.9999 0.0076 -0.0085 0.0452 -0.0075 0.9999 0.0073 -0.0451 0.0085 -0.0072 0.9999 0.9980
1.0000 -0.0010 -0.0017 -0.0782 0.0010 1.0000 -0.0033 -0.0117 0.0017 0.0033 1.0000 0.9969
1.0000 0.0041 -0.0019 0.0016 -0.0042 0.9999 -0.0107 -0.0164 0.0018 0.0107 0.9999 0.9999
0.9998 0.0196 -0.0061 0.1357 -0.0196 0.9998 -0.0084 -0.0826 0.0059 0.0085 0.9999 0.9873
1.0000 0.0024 -0.0054 0.1076 -0.0024 1.0000 -0.0045 -0.0156 0.0054 0.0046 1.0000 0.9941
1.0000 -0.0070 -0.0025 -0.0480 0.0070 1.0000 0.0029 0.0278 0.0025 -0.0029 1.0000 0.9985
1.0000 -0.0020 -0.0016 0.0727 0.0020 1.0000 0.0086 0.0182 0.0016 -0.0086 1.0000 0.9972
1.0000 0.0008 -0.0030 0.0843 -0.0007 1.0000 0.0042 0.0100 0.0030 -0.0042 1.0000 0.9964
1.0000 0.0041 -0.0002 -0.0439 -0.0041 1.0000 0.0003 -0.0479 0.0002 -0.0003 1.0000 0.9979
1.0000 -0.0029 -0.0011 -0.0508 0.0029 0.9999 -0.0099 -0.0068 0.0011 0.0099 1.0000 0.9987
0.9999 -0.0104 -0.0023 -0.0542 0.0104 0.9999 -0.0131 0.0058 0.0024 0.0130 0.9999 0.9985
1.0000 -0.0087 -0.0014 -0.0155 0.0087 1.0000 -0.0038 -0.0137 0.0015 0.0038 1.0000 0.9998
1.0000 0.0033 -0.0003 0.0085 -0.0033 1.0000 0.0040 0.0046 0.0003 -0.0040 1.0000 1.0000
1.0000 0.0054 0.0010 -0.0630 -0.0054 0.9999 0.0096 0.0047 -0.0009 -0.0096 1.0000 0.9980
1.0000 -0.0013 -0.0062 0.0149 0.0013 1.0000 -0.0026 0.0492 0.0062 0.0026 1.0000 0.9987
1.0000 -0.0027 0.0001 0.0105 0.0027 1.0000 -0.0034 -0.0201 -0.0001 0.0034 1.0000 0.9997
1.0000 -0.0007 -0.0040 0.0296 0.0007 1.0000 -0.0088 0.0161 0.0040 0.0088 1.0000 0.9994
1.0000 0.0049 -0.0008 -0.0049 -0.0049 1.0000 -0.0001 -0.0014 0.0008 0.0001 1.0000 1.0000
1.0000 0.0027 0.0008 -0.0295 -0.0027 1.0000 0.0034 -0.0186 -0.0008 -0.0034 1.0000 0.9994
1.0000 0.0027 0.0001 0.0069 -0.0027 1.0000 0.0040 -0.0244 -0.0001 -0.0040 1.0000 0.9997
1.0000 0.0052 0.0002 -0.0221 -0.0052 1.0000 0.0022 0.0008 -0.0002 -0.0022 1.0000 0.9998
1.0000 0.0014 -0.0008 -0.0267 -0.0014 1.0000 -0.0015 -0.0132 0.0008 0.0015 1.0000 0.9996
1.0000 -0.0043 -0.0015 0.0067 0.0042 1.0000 -0.0033 -0.0101 0.0015 0.0033 1.0000 0.9999
1.0000 0.0023 -0.0005 -0.0189 -0.0024 1.0000 -0.0061 -0.0017 0.0005 0.0061 1.0000 0.9998
1.0000 0.0036 0.0004 -0.0665 -0.0036 1.0000 -0.0005 -0.0007 -0.0004 0.0005 1.0000 0.9978
1.0000 -0.0006 -0.0023 -0.0153 0.0006 1.0000 0.0095 -0.0031 0.0023 -0.0095 1.0000 0.9999
1.0000 -0.0013 0.0003 -0.0903 0.0013 1.0000 0.0086 -0.0207 -0.0003 -0.0086 1.0000 0.9957
1.0000 -0.0040 -0.0003 0.0076 0.0040 1.0000 0.0017 -0.0248 0.0003 -0.0017 1.0000 0.9997
1.0000 0.0006 -0.0003 -0.0411 -0.0006 1.0000 -0.0068 -0.0362 0.0003 0.0068 1.0000 0.9985
1.0000 0.0036 -0.0005 0.0240 -0.0036 1.0000 -0.0050 -0.0252 0.0005 0.0050 1.0000 0.9994
0.9937 -0.0069 0.1117 -0.9463 0.0038 0.9996 0.0276 -0.2840 -0.1119 -0.0270 0.9934 0.1544
0.9999 -0.0115 0.0003 -0.0221 0.0115 0.9999 -0.0045 0.0545 -0.0003 0.0045 1.0000 0.9983
1.0000 -0.0021 0.0029 0.0305 0.0021 1.0000 -0.0054 0.0036 -0.0029 0.0054 1.0000 0.9995
1.0000 -0.0083 0.0048 -0.0327 0.0083 1.0000 -0.0016 0.0551 -0.0048 0.0017 1.0000 0.9979
1.0000 -0.0014 0.0039 0.0339 0.0014 1.0000 0.0057 0.0131 -0.0039 -0.0057 1.0000 0.9993
0.9999 0.0087 0.0068 -0.0473 -0.0088 0.9999 0.0089 -0.0319 -0.0067 -0.0089 0.9999 0.9984
0.9999 0.0085 0.0068 -0.0246 -0.0085 1.0000 0.0043 -0.0439 -0.0067 -0.0044 1.0000 0.9987
1.0000 0.0037 0.0072 -0.0661 -0.0037 1.0000 -0.0020 -0.0336 -0.0072 0.0020 1.0000 0.9972
0.9999 -0.0075 0.0072 -0.0555 0.0075 0.9999 -0.0070 -0.0019 -0.0071 0.0071 0.9999 0.9985
1.0000 0.0026 0.0076 -0.0371 -0.0025 1.0000 -0.0083 -0.0383 -0.0076 0.0083 0.9999 0.9986
1.0000 0.0041 0.0051 0.1149 -0.0040 1.0000 -0.0061 0.0067 -0.0052 0.0061 1.0000 0.9933
1.0000 -0.0038 0.0083 -0.0738 0.0038 1.0000 0.0022 0.0041 -0.0083 -0.0022 1.0000 0.9973
0.9848 -0.0089 0.1733 -0.9267 0.0197 0.9980 -0.0607 0.3750 -0.1724 0.0632 0.9830 0.0234
1.0000 -0.0071 0.0051 0.0411 0.0071 1.0000 0.0057 -0.0061 -0.0051 -0.0057 1.0000 0.9991
0.9999 -0.0099 0.0061 -0.0195 0.0099 0.9999 0.0024 0.0133 -0.0061 -0.0024 1.0000 0.9997
1.0000 0.0022 0.0045 0.0178 -0.0022 1.0000 -0.0001 -0.0136 -0.0045 0.0001 1.0000 0.9997
1.0000 0.0090 -0.0013 0.1075 -0.0090 1.0000 0.0020 -0.0680 0.0013 -0.0020 1.0000 0.9919
1.0000 0.0048 0.0014 -0.0525 -0.0048 1.0000 0.0024 -0.0437 -0.0014 -0.0024 1.0000 0.9977
1.0000 0.0075 0.0000 0.0017 -0.0075 1.0000 0.0028 -0.0934 -0.0000 -0.0028 1.0000 0.9956
1.0000 0.0051 -0.0000 -0.0596 -0.0051 1.0000 0.0010 -0.0151 0.0000 -0.0010 1.0000 0.9981
1.0000 0.0038 0.0003 -0.0447 -0.0038 1.0000 -0.0055 0.0524 -0.0003 0.0055 1.0000 0.9976
1.0000 0.0089 -0.0011 0.0040 -0.0089 0.9999 -0.0097 -0.0401 0.0011 0.0097 1.0000 0.9992
1.0000 -0.0044 -0.0012 -0.0894 0.0043 1.0000 -0.0081 -0.0029 0.0012 0.0081 1.0000 0.9960
1.0000 -0.0059 -0.0046 0.0073 0.0059 1.0000 -0.0045 -0.0061 0.0046 0.0045 1.0000 1.0000
0.9999 0.0084 -0.0076 0.0898 -0.0084 0.9999 0.0057 -0.0524 0.0077 -0.0056 1.0000 0.9946
1.0000 0.0089 -0.0041 -0.0885 -0.0088 0.9999 0.0116 0.0011 0.0042 -0.0115 0.9999 0.9961
1.0000 -0.0035 -0.0061 0.0704 0.0036 0.9999 0.0148 -0.0641 0.0060 -0.0149 0.9999 0.9955
0.9999 -0.0125 -0.0060 0.0677 0.0126 0.9999 0.0093 0.0206 0.0058 -0.0094 0.9999 0.9975
1.0000 -0.0028 -0.0035 0.0031 0.0028 1.0000 -0.0029 0.0242 0.0035 0.0029 1.0000 0.9997
1.0000 0.0039 -0.0009 -0.0725 -0.0039 1.0000 -0.0056 -0.0284 0.0009 0.0056 1.0000 0.9970
1.0000 0.0038 -0.0043 0.0716 -0.0039 1.0000 -0.0085 -0.0703 0.0042 0.0085 1.0000 0.9950
1.0000 -0.0078 -0.0042 0.0564 0.0078 1.0000 -0.0056 -0.0100 0.0042 0.0056 1.0000 0.9984
1.0000 -0.0068 -0.0001 -0.0482 0.0068 1.0000 0.0046 0.0127 0.0000 -0.0046 1.0000 0.9988
1.0000 -0.0049 -0.0076 0.1200 0.0049 1.0000 0.0034 -0.0165 0.0076 -0.0035 1.0000 0.9926
1.0000 -0.0003 -0.0020 0.0193 0.0003 1.0000 0.0035 -0.0547 0.0020 -0.0035 1.0000 0.9983
1.0000 -0.0026 -0.0018 0.0319 0.0026 1.0000 -0.0024 -0.0370 0.0018 0.0024 1.0000 0.9988
1.0000 -0.0028 -0.0024 0.0214 0.0028 1.0000 -0.0062 0.0098 0.0024 0.0062 1.0000 0.9997
0.9999 -0.0131 -0.0027 -0.0039 0.0131 0.9999 -0.0027 0.0579 0.0028 0.0026 1.0000 0.9983
1.0000 -0.0035 -0.0005 -0.0773 0.0035 1.0000 0.0018 0.0371 0.0005 -0.0018 1.0000 0.9963
1.0000 -0.0008 0.0013 -0.0866 0.0007 1.0000 0.0048 -0.0203 -0.0013 -0.0048 1.0000 0.9960
1.0000 -0.0021 -0.0000 -0.0270 0.0021 1.0000 0.0038 -0.0210 0.0000 -0.0038 1.0000 0.9994
1.0000 -0.0028 0.0012 -0.1096 0.0028 1.0000 -0.0043 0.0349 -0.0012 0.0043 1.0000 0.9934
1.0000 0.0004 -0.0005 0.0288 -0.0004 1.0000 -0.0075 -0.0060 0.0005 0.0075 1.0000 0.9996
0.9998 0.0003 0.0202 -0.7006 -0.0002 1.0000 -0.0042 -0.2037 -0.0202 0.0042 0.9998 0.6839
1.0000 -0.0019 0.0004 -0.0197 0.0019 1.0000 -0.0049 0.0105 -0.0004 0.0049 1.0000 0.9998
1.0000 0.0029 0.0021 -0.1180 -0.0029 1.0000 0.0016 -0.0251 -0.0021 -0.0016 1.0000 0.9927
1.0000 -0.0006 0.0000 -0.0134 0.0006 1.0000 0.0070 -0.0149 -0.0000 -0.0070 1.0000 0.9998
1.0000 -0.0027 -0.0003 -0.0412 0.0027 1.0000 0.0071 -0.0096 0.0003 -0.0071 1.0000 0.9991
1.0000 -0.0012 -0.0000 -0.0489 0.0012 1.0000 0.0056 -0.0424 0.0000 -0.0056 1.0000 0.9979
1.0000 0.0055 0.0006 0.0274 -0.0055 1.0000 0.0034 -0.1053 -0.0006 -0.0034 1.0000 0.9941
1.0000 -0.0014 -0.0037 0.1329 0.0014 1.0000 0.0030 -0.0487 0.0037 -0.0031 1.0000 0.9899
1.0000 -0.0068 -0.0046 -0.0048 0.0068 1.0000 -0.0008 -0.0028 0.0047 0.0008 1.0000 1.0000
1.0000 -0.0035 -0.0072 0.0159 0.0035 1.0000 -0.0023 0.0219 0.0072 0.0023 1.0000 0.9996
0.9999 -0.0045 -0.0107 -0.0775 0.0044 1.0000 -0.0033 -0.0268 0.0108 0.0032 0.9999 0.9966
0.9999 -0.0021 -0.0164 0.1089 0.0021 1.0000 -0.0029 -0.0148 0.0164 0.0028 0.9999 0.9939
0.9998 -0.0014 -0.0195 -0.0371 0.0014 1.0000 -0.0011 -0.0287 0.0195 0.0010 0.9998 0.9989
0.9998 -0.0037 -0.0217 -0.0726 0.0037 1.0000 0.0016 -0.0268 0.0216 -0.0017 0.9998 0.9970
0.9997 0.0012 -0.0248 -0.0378 -0.0011 1.0000 0.0029 -0.0167 0.0248 -0.0028 0.9997 0.9991
0.9996 -0.0029 -0.0273 -0.1421 0.0030 1.0000 0.0029 0.0106 0.0273 -0.0030 0.9996 0.9898
0.9999 -0.0003 -0.0153 -0.7016 0.0004 1.0000 0.0007 -0.0596 0.0153 -0.0007 0.9999 0.7101
0.9994 0.0025 -0.0359 -0.1346 -0.0026 1.0000 -0.0022 -0.0506 0.0359 0.0023 0.9994 0.9896
0.9991 0.0035 -0.0424 -0.1168 -0.0036 1.0000 -0.0030 -0.0108 0.0424 0.0031 0.9991 0.9931
0.9988 -0.0004 -0.0480 -0.0193 0.0003 1.0000 -0.0024 0.0499 0.0480 0.0024 0.9988 0.9986
0.9988 0.0085 -0.0476 -0.1409 -0.0084 1.0000 0.0008 -0.0582 0.0476 -0.0004 0.9989 0.9883
0.9985 0.0114 -0.0536 0.0132 -0.0114 0.9999 -0.0002 -0.0221 0.0536 0.0008 0.9986 0.9997
0.9984 0.0147 -0.0542 -0.1447 -0.0147 0.9999 -0.0003 -0.0296 0.0542 0.0011 0.9985 0.9890
0.9985 0.0128 -0.0530 -0.2206 -0.0127 0.9999 0.0016 -0.0173 0.0530 -0.0009 0.9986 0.9752
0.9982 0.0065 -0.0597 -0.1510 -0.0066 1.0000 -0.0005 0.0652 0.0597 0.0009 0.9982 0.9864
0.9980 0.0069 -0.0631 -0.0725 -0.0069 1.0000 -0.0005 0.0643 0.0631 0.0009 0.9980 0.9953
0.9981 0.0060 -0.0607 -0.0846 -0.0056 1.0000 0.0064 0.0156 0.0608 -0.0060 0.9981 0.9963
0.9985 0.0043 -0.0548 -0.2523 -0.0036 0.9999 0.0118 0.0069 0.0549 -0.0115 0.9984 0.9676
0.9957 0.0106 -0.0917 0.7457 -0.0086 0.9997 0.0216 -0.2735 0.0919 -0.0207 0.9956 0.6076
0.9985 0.0082 -0.0546 -0.2620 -0.0079 0.9999 0.0065 -0.0381 0.0547 -0.0061 0.9985 0.9643
0.9986 0.0013 -0.0529 -0.3038 -0.0012 1.0000 0.0027 0.0092 0.0529 -0.0026 0.9986 0.9527
0.9984 -0.0024 -0.0571 -0.1511 0.0026 1.0000 0.0041 -0.1016 0.0571 -0.0043 0.9984 0.9833
0.9984 -0.0074 -0.0564 -0.1736 0.0075 1.0000 0.0005 -0.0781 0.0564 -0.0009 0.9984 0.9817
0.9983 -0.0044 -0.0579 -0.1491 0.0042 1.0000 -0.0046 -0.0091 0.0579 0.0043 0.9983 0.9888
0.9982 -0.0077 -0.0596 -0.0799 0.0075 1.0000 -0.0047 -0.0852 0.0596 0.0042 0.9982 0.9932
0.9984 0.0003 -0.0565 -0.2332 -0.0005 1.0000 -0.0036 -0.0910 0.0565 0.0036 0.9984 0.9682
0.9986 -0.0004 -0.0535 -0.1838 0.0003 1.0000 -0.0019 -0.0659 0.0535 0.0018 0.9986 0.9808
0.9986 0.0012 -0.0523 -0.1081 -0.0012 1.0000 -0.0006 0.0089 0.0523 0.0007 0.9986 0.9941
0.9989 -0.0008 -0.0476 -0.1149 0.0008 1.0000 0.0000 0.0148 0.0476 -0.0001 0.9989 0.9933
0.9991 -0.0049 -0.0421 -0.3442 0.0049 1.0000 0.0003 -0.1619 0.0421 -0.0005 0.9991 0.9248
0.9991 -0.0025 -0.0417 -0.1206 0.0025 1.0000 0.0001 -0.0887 0.0417 -0.0002 0.9991 0.9887
0.9994 0.0009 -0.0339 -0.1932 -0.0009 1.0000 -0.0012 -0.0156 0.0339 0.0013 0.9994 0.9810
0.9997 0.0018 -0.0252 -0.3102 -0.0020 1.0000 -0.0045 0.0817 0.0252 0.0045 0.9997 0.9471
0.9997 0.0008 -0.0261 -0.0526 -0.0009 1.0000 -0.0027 0.0081 0.0261 0.0027 0.9997 0.9986
0.9997 0.0023 -0.0249 0.0710 -0.0023 1.0000 -0.0004 -0.0731 0.0249 0.0004 0.9997 0.9948
1.0000 0.0018 0.0046 -0.6717 -0.0018 1.0000 -0.0080 0.1557 -0.0046 0.0079 1.0000 0.7243
0.9999 0.0027 -0.0139 -0.0949 -0.0027 1.0000 -0.0004 -0.0068 0.0139 0.0004 0.9999 0.9955
1.0000 0.0033 -0.0083 0.0138 -0.0033 1.0000 -0.0020 -0.0146 0.0083 0.0020 1.0000 0.9998
1.0000 -0.0002 -0.0074 0.1028 0.0002 1.0000 0.0000 -0.0804 0.0074 -0.0000 1.0000 0.9914
1.0000 0.0033 -0.0061 0.1320 -0.0033 1.0000 -0.0023 0.0643 0.0061 0.0023 1.0000 0.9892
1.0000 0.0012 -0.0037 0.1197 -0.0012 1.0000 -0.0009 0.0660 0.0037 0.0009 1.0000 0.9906
1.0000 0.0010 -0.0018 0.0589 -0.0010 1.0000 0.0004 0.0111 0.0018 -0.0004 1.0000 0.9982
1.0000 0.0022 0.0017 0.0183 -0.0022 1.0000 0.0007 0.0128 -0.0017 -0.0007 1.0000 0.9997
1.0000 0.0000 0.0009 -0.0662 -0.0000 1.0000 0.0010 -0.0088 -0.0009 -0.0010 1.0000 0.9978
1.0000 -0.0028 -0.0020 0.1058 0.0028 1.0000 -0.0017 -0.0489 0.0020 0.0016 1.0000 0.9932
1.0000 -0.0050 0.0004 0.0023 0.0050 1.0000 -0.0033 -0.0187 -0.0004 0.0033 1.0000 0.9998
1.0000 0.0032 -0.0018 0.1633 -0.0032 1.0000 -0.0044 0.0819 0.0018 0.0044 1.0000 0.9832
1.0000 -0.0037 -0.0005 0.0506 0.0037 1.0000 -0.0006 -0.0422 0.0005 0.0006 1.0000 0.9978
1.0000 -0.0019 0.0003 0.0333 0.0019 1.0000 -0.0005 -0.0111 -0.0003 0.0005 1.0000 0.9994
