1.0000 0.0000 0.0000 -0.5774 0.0000 1.0000 0.0000 0.5774 -0.0000 -0.0000 1.0000 -0.5774
-0.7247 0.3122 0.6143 -0.3711 0.3125 -0.6456 0.6968 -0.4209 0.6142 0.6969 0.3703 -0.8277
1.0000 -0.0003 -0.0021 -0.8602 0.0003 1.0000 -0.0012 -0.5039 0.0021 0.0012 1.0000 -0.0789
-0.2572 0.5076 -0.8223 -0.6088 0.5082 -0.6527 -0.5618 -0.4168 -0.8219 -0.5624 -0.0901 0.6750
1.0000 0.0001 0.0001 0.1325 -0.0001 1.0000 0.0010 0.8426 -0.0001 -0.0010 1.0000 0.5220
-0.5773 0.2642 0.7726 -0.4598 0.2642 -0.8348 0.4829 -0.2873 0.7726 0.4829 0.4122 -0.8403
1.0000 0.0001 -0.0000 -0.0495 -0.0001 1.0000 0.0000 -0.2099 0.0000 -0.0000 1.0000 -0.9765
1.0000 0.0003 0.0006 -0.9635 -0.0003 1.0000 0.0001 0.0056 -0.0006 -0.0001 1.0000 0.2675
1.0000 -0.0001 -0.0022 0.8295 0.0001 1.0000 -0.0011 0.4974 0.0022 0.0011 1.0000 0.2541
1.0000 -0.0006 -0.0001 0.1549 0.0006 1.0000 -0.0005 0.8934 0.0001 0.0005 1.0000 0.4216
-0.8867 0.4461 -0.1211 0.2377 0.4462 0.7574 -0.4768 0.9378 -0.1210 -0.4768 -0.8706 -0.2529
-0.8713 -0.1720 -0.4596 0.2536 -0.1721 -0.7700 0.6144 -0.3391 -0.4595 0.6145 0.6413 -0.9059
-0.7072 0.5830 0.4000 0.3827 0.5832 0.1611 0.7962 0.7619 0.3997 0.7963 -0.4540 0.5225
1.0000 -0.0000 0.0001 0.1729 0.0000 1.0000 -0.0000 0.0143 -0.0001 0.0000 1.0000 -0.9848
1.0000 0.0002 -0.0001 -0.3921 -0.0002 1.0000 0.0007 0.6665 0.0001 -0.0007 1.0000 -0.6341
1.0000 0.0003 0.0000 -0.4014 -0.0003 1.0000 -0.0001 0.7706 -0.0000 0.0001 1.0000 -0.4950
1.0000 0.0004 0.0006 0.5399 -0.0004 1.0000 0.0001 -0.2447 -0.0006 -0.0001 1.0000 -0.8053
1.0000 -0.0001 0.0001 -0.6043 0.0001 1.0000 0.0000 -0.3951 -0.0001 -0.0000 1.0000 -0.6919
-0.9577 -0.1211 -0.2611 0.1455 -0.1212 -0.6529 0.7477 -0.4166 -0.2610 0.7477 0.6106 -0.8974
1.0000 0.0000 0.0000 0.5774 0.0000 1.0000 -0.0000 -0.5774 0.0000 0.0000 1.0000 0.5774
-0.4050 -0.3850 0.8293 -0.5445 -0.3834 -0.7520 -0.5362 0.3536 0.8301 -0.5351 0.1569 -0.7606
1.0000 -0.0008 -0.0003 -0.1068 0.0008 1.0000 0.0048 0.9427 0.0002 -0.0048 1.0000 -0.3162
0.9157 -0.3600 -0.1785 -0.9786 -0.3600 -0.9324 0.0337 0.1840 -0.1786 0.0334 -0.9834 0.0916
-0.9099 -0.0171 -0.4144 0.2124 -0.0174 -0.9967 0.0792 -0.0404 -0.4144 0.0793 0.9066 -0.9763
1.0000 -0.0000 0.0000 0.4051 0.0000 1.0000 -0.0000 -0.2688 -0.0000 0.0000 1.0000 -0.8739
1.0000 -0.0002 0.0000 0.0653 0.0002 1.0000 0.0001 0.2866 -0.0000 -0.0001 1.0000 0.9558
1.0000 0.0001 -0.0000 0.3735 -0.0001 1.0000 -0.0000 -0.3173 0.0000 0.0000 1.0000 -0.8717
1.0000 0.0001 0.0003 -0.0152 -0.0001 1.0000 -0.0000 -0.3962 -0.0003 0.0000 1.0000 -0.9180
-0.8240 0.5536 -0.1211 0.2970 0.5535 0.7406 -0.3810 0.9324 -0.1213 -0.3809 -0.9166 -0.2059
1.0000 0.0000 0.0000 -0.1947 -0.0000 1.0000 0.0000 -0.4985 -0.0000 -0.0000 1.0000 -0.8448
-0.9951 0.0302 -0.0946 0.0487 0.0276 -0.8313 -0.5551 0.2907 -0.0954 -0.5549 0.8264 -0.9556
1.0000 0.0011 0.0006 0.5804 -0.0011 1.0000 0.0002 0.6666 -0.0006 -0.0002 1.0000 0.4677
0.3213 0.2068 0.9241 -0.8127 0.2068 -0.9676 0.1446 -0.1272 0.9241 0.1446 -0.3536 -0.5686
1.0000 0.0003 0.0005 -0.9609 -0.0003 1.0000 -0.0001 0.0356 -0.0005 0.0001 1.0000 -0.2746
1.0000 -0.0003 0.0001 0.0235 0.0003 1.0000 0.0000 0.9504 -0.0001 -0.0000 1.0000 -0.3102
1.0000 -0.0014 0.0011 -0.6253 0.0014 1.0000 -0.0002 -0.3793 -0.0011 0.0002 1.0000 -0.6820
1.0000 0.0001 0.0002 -0.3841 -0.0001 1.0000 0.0000 -0.2301 -0.0002 -0.0000 1.0000 -0.8941
1.0000 -0.0001 -0.0003 -0.2451 0.0001 1.0000 -0.0000 -0.3613 0.0003 0.0000 1.0000 -0.8997
1.0000 0.0001 0.0001 0.1195 -0.0001 1.0000 0.0001 0.8900 -0.0001 -0.0001 1.0000 0.4400
0.1623 -0.7915 0.5893 -0.7623 -0.7915 -0.4610 -0.4013 0.5193 0.5893 -0.4013 -0.7012 -0.3864
1.0000 -0.0000 0.0000 0.1940 0.0000 1.0000 0.0000 0.4390 -0.0000 -0.0000 1.0000 0.8773
1.0000 -0.0014 -0.0009 0.2067 0.0014 1.0000 -0.0001 -0.3339 0.0009 0.0001 1.0000 -0.9197
1.0000 -0.0001 -0.0000 0.0827 0.0001 1.0000 0.0001 0.4475 0.0000 -0.0001 1.0000 0.8904
1.0000 0.0000 -0.0001 0.1226 -0.0000 1.0000 -0.0000 0.3724 0.0001 0.0000 1.0000 0.9199
1.0000 0.0005 -0.0002 -0.1015 -0.0005 1.0000 0.0004 -0.4830 0.0002 -0.0004 1.0000 -0.8697
1.0000 0.0001 0.0004 -0.9267 -0.0001 1.0000 0.0000 -0.1947 -0.0004 -0.0000 1.0000 -0.3213
0.2119 0.9536 0.2140 -0.7786 0.9536 -0.2496 0.1681 -0.6124 0.2137 0.1685 -0.9622 -0.1370
-0.9998 0.0065 0.0177 -0.0095 0.0065 -0.7654 0.6435 -0.3425 0.0177 0.6435 0.7652 -0.9395
1.0000 -0.0002 -0.0001 0.2018 0.0002 1.0000 0.0001 0.6129 0.0001 -0.0001 1.0000 0.7640
-0.9807 0.1328 0.1434 -0.0983 0.1324 -0.0883 0.9873 -0.6751 0.1438 0.9872 0.0690 -0.7312
-0.3333 -0.6667 0.6667 -0.5774 -0.6667 -0.3333 -0.6667 0.5774 0.6667 -0.6667 -0.3333 -0.5774
1.0000 0.0001 0.0009 -0.9140 -0.0001 1.0000 -0.0001 0.0782 -0.0009 0.0001 1.0000 -0.3982
-0.9629 -0.2086 -0.1711 -0.1366 -0.2089 0.1753 0.9621 0.7667 -0.1707 0.9622 -0.2124 0.6272
1.0000 -0.0002 -0.0000 -0.6548 0.0002 1.0000 -0.0001 -0.3646 0.0000 0.0001 1.0000 -0.6621
1.0000 0.0006 0.0007 0.1570 -0.0006 1.0000 -0.0003 0.3171 -0.0007 0.0003 1.0000 0.9353
1.0000 0.0000 -0.0000 -0.5774 -0.0000 1.0000 -0.0000 0.5774 -0.0000 -0.0000 1.0000 -0.5774
1.0000 -0.0000 -0.0002 0.0069 0.0000 1.0000 0.0000 0.2994 0.0002 -0.0000 1.0000 0.9541
1.0000 -0.0013 -0.0026 -0.9717 0.0013 1.0000 -0.0009 -0.2105 0.0026 0.0009 1.0000 0.1074
-0.8618 0.2584 0.4365 -0.2629 0.2584 -0.5167 0.8162 -0.4916 0.4364 0.8162 0.3786 -0.8302
-0.2929 0.0606 0.9542 -0.5945 0.0604 -0.9948 0.0817 -0.0510 0.9542 0.0816 0.2877 -0.8025
-0.7799 -0.2797 -0.5599 0.3318 -0.2797 -0.6445 0.7116 -0.4216 -0.5599 0.7117 0.4244 -0.8439
1.0000 -0.0002 -0.0006 0.2098 0.0002 1.0000 -0.0001 0.3865 0.0006 0.0001 1.0000 0.8981
1.0000 0.0001 0.0000 0.1838 -0.0001 1.0000 -0.0000 0.4288 -0.0000 0.0000 1.0000 0.8845
-0.3333 -0.6667 0.6667 -0.5774 -0.6667 -0.3333 -0.6667 0.5774 0.6667 -0.6667 -0.3333 -0.5774
1.0000 -0.0014 -0.0006 -0.5308 0.0014 1.0000 -0.0005 -0.4390 0.0006 0.0005 1.0000 -0.7249
1.0000 -0.0001 0.0002 -0.7079 0.0001 1.0000 -0.0000 -0.3110 -0.0002 0.0000 1.0000 -0.6341
1.0000 -0.0000 0.0000 -0.0156 0.0000 1.0000 -0.0000 0.3028 -0.0000 0.0000 1.0000 0.9529
-0.9899 0.1336 -0.0484 0.0714 0.1336 0.7590 -0.6372 0.9377 -0.0484 -0.6372 -0.7691 -0.3400
-0.5318 -0.5406 -0.6519 -0.4838 -0.5405 -0.3760 0.7527 0.5586 -0.6520 0.7526 -0.0922 0.6737
1.0000 0.0002 -0.0000 -0.1414 -0.0002 1.0000 -0.0020 0.7842 0.0000 0.0020 1.0000 -0.6042
1.0000 0.0003 -0.0005 -0.5888 -0.0003 1.0000 -0.0003 -0.3282 0.0005 0.0003 1.0000 -0.7387
-0.3333 -0.6667 0.6667 0.5774 -0.6667 -0.3333 -0.6667 -0.5774 0.6667 -0.6667 -0.3333 0.5774
1.0000 0.0001 0.0002 0.5223 -0.0001 1.0000 0.0001 0.8266 -0.0002 -0.0001 1.0000 0.2098
1.0000 -0.0002 -0.0005 -0.8929 0.0002 1.0000 -0.0000 -0.3470 0.0005 0.0000 1.0000 -0.2869
-0.3333 -0.6667 0.6667 -0.5774 -0.6667 -0.3333 -0.6667 0.5774 0.6667 -0.6667 -0.3333 -0.5774
-0.9496 0.2985 -0.0962 0.1587 0.2984 0.7656 -0.5699 0.9390 -0.0965 -0.5699 -0.8160 -0.3051
1.0000 0.0001 -0.0000 0.4198 -0.0001 1.0000 -0.0000 0.4721 0.0000 0.0000 1.0000 0.7751
1.0000 0.0001 0.0001 0.0593 -0.0001 1.0000 -0.0000 -0.3284 -0.0001 0.0000 1.0000 -0.9427
1.0000 -0.0001 0.0003 0.2158 0.0001 1.0000 -0.0000 0.2685 -0.0003 0.0000 1.0000 0.9388
1.0000 -0.0017 0.0010 -0.1868 0.0017 1.0000 0.0005 0.0162 -0.0010 -0.0005 1.0000 0.9823
-0.3333 -0.6667 0.6667 0.5774 -0.6667 -0.3333 -0.6667 -0.5774 0.6667 -0.6667 -0.3333 0.5774
-0.5303 0.5579 0.6384 0.4845 0.5580 -0.3371 0.7582 0.5757 0.6383 0.7583 -0.1326 0.6586
1.0000 0.0002 0.0002 -0.4527 -0.0002 1.0000 -0.0005 0.8893 -0.0002 0.0005 1.0000 -0.0652
1.0000 0.0005 -0.0003 -0.0703 -0.0005 1.0000 0.0001 0.7450 0.0003 -0.0001 1.0000 -0.6633
1.0000 -0.0002 0.0001 -0.2546 0.0002 1.0000 0.0002 0.6775 -0.0001 -0.0002 1.0000 -0.6901
1.0000 0.0000 0.0000 -0.4087 -0.0000 1.0000 0.0001 -0.2956 -0.0000 -0.0001 1.0000 -0.8635
1.0000 0.0000 0.0000 -0.5774 -0.0000 1.0000 -0.0000 0.5774 -0.0000 0.0000 1.0000 -0.5774
1.0000 0.0001 -0.0001 -0.1295 -0.0001 1.0000 -0.0000 -0.3380 0.0001 0.0000 1.0000 -0.9322
1.0000 -0.0009 -0.0000 0.1820 0.0009 1.0000 -0.0007 0.4692 0.0000 0.0007 1.0000 0.8641
1.0000 -0.0000 0.0000 0.1822 0.0000 1.0000 0.0000 -0.0862 -0.0000 -0.0000 1.0000 -0.9795
1.0000 0.0007 -0.0001 0.1541 -0.0007 1.0000 -0.0006 0.9871 0.0001 0.0006 1.0000 0.0443
-0.9770 -0.1227 0.1747 -0.1075 -0.1229 -0.3458 -0.9302 0.5719 0.1745 -0.9302 0.3228 -0.8132
1.0000 0.0000 -0.0000 -0.5774 0.0000 1.0000 0.0000 0.5774 0.0000 -0.0000 1.0000 -0.5774
1.0000 -0.0003 -0.0003 -0.1986 0.0003 1.0000 -0.0001 -0.4976 0.0003 0.0001 1.0000 -0.8444
-0.9944 0.0534 0.0909 -0.0528 0.0532 -0.4905 0.8698 -0.5048 0.0910 0.8698 0.4849 -0.8616
1.0000 0.0004 -0.0001 -0.1278 -0.0004 1.0000 0.0003 0.3259 0.0001 -0.0003 1.0000 -0.9367
-0.4471 -0.8652 0.2270 -0.5259 -0.8652 0.3539 -0.3551 0.8228 0.2269 -0.3552 -0.9068 -0.2154
1.0000 0.0001 0.0001 -0.2270 -0.0001 1.0000 0.0001 -0.8510 -0.0001 -0.0001 1.0000 -0.4735
1.0000 -0.0000 0.0000 -0.5774 -0.0000 1.0000 -0.0000 0.5774 -0.0000 0.0000 1.0000 -0.5774
-0.9535 0.2360 0.1874 0.1524 0.2358 0.1970 0.9516 0.7737 0.1877 0.9516 -0.2435 0.6150
1.0000 -0.0000 -0.0001 0.2144 0.0000 1.0000 -0.0000 0.3420 0.0001 0.0000 1.0000 0.9149
1.0000 0.0000 0.0000 0.5690 -0.0000 1.0000 -0.0000 0.3303 -0.0000 0.0000 1.0000 0.7531
-0.1647 0.2921 0.9421 -0.6463 0.2922 -0.8978 0.3294 -0.2260 0.9421 0.3296 0.0625 -0.7289
-0.3333 -0.6667 0.6667 -0.5774 -0.6667 -0.3333 -0.6667 0.5774 0.6667 -0.6667 -0.3333 -0.5774
1.0000 -0.0004 -0.0013 -0.9868 0.0004 1.0000 -0.0001 -0.0967 0.0013 0.0001 1.0000 0.1303
1.0000 0.0001 0.0004 0.0593 -0.0001 1.0000 0.0007 0.8308 -0.0004 -0.0007 1.0000 0.5534
-0.9872 0.1352 0.0851 0.0792 0.1349 0.4201 0.8974 0.8426 0.0856 0.8974 -0.4329 0.5327
-0.9096 -0.3914 0.1396 -0.2125 -0.3915 0.6945 -0.6037 0.9207 0.1393 -0.6038 -0.7849 -0.3274
-0.5007 -0.7604 0.4137 -0.4997 -0.7604 0.1579 -0.6300 0.7609 0.4137 -0.6300 -0.6572 -0.4140
1.0000 0.0002 0.0003 0.4345 -0.0002 1.0000 0.0002 -0.2329 -0.0003 -0.0002 1.0000 -0.8701
1.0000 -0.0003 -0.0005 0.0738 0.0003 1.0000 -0.0000 0.4325 0.0005 0.0000 1.0000 0.8986
-0.3333 -0.6667 0.6667 0.5774 -0.6667 -0.3333 -0.6667 -0.5774 0.6667 -0.6667 -0.3333 0.5774
-0.9375 -0.0760 -0.3396 0.1768 -0.0763 -0.9073 0.4135 -0.2153 -0.3396 0.4136 0.8448 -0.9604
1.0000 0.0000 -0.0002 0.1503 -0.0000 1.0000 0.0011 -0.9796 0.0002 -0.0011 1.0000 0.1337
-0.8528 -0.3377 -0.3984 0.2716 -0.3388 -0.2229 0.9141 -0.6232 -0.3975 0.9145 0.0757 -0.7334
1.0000 0.0001 0.0002 -0.3046 -0.0001 1.0000 0.0000 -0.3480 -0.0002 -0.0000 1.0000 -0.8866
-0.4563 0.3538 0.8164 -0.5214 0.3540 -0.7696 0.5314 -0.3394 0.8164 0.5315 0.2259 -0.7829
-0.9991 0.0097 0.0421 -0.0215 0.0100 -0.8956 0.4448 -0.2285 0.0420 0.4448 0.8946 -0.9733
-0.9984 0.0534 -0.0203 0.0293 0.0533 0.7439 -0.6662 0.9342 -0.0204 -0.6662 -0.7455 -0.3555
1.0000 -0.0004 0.0003 -0.3483 0.0004 1.0000 -0.0001 0.9155 -0.0003 0.0001 1.0000 -0.2012
1.0000 -0.0009 0.0002 -0.2325 0.0009 1.0000 0.0006 0.4028 -0.0002 -0.0006 1.0000 -0.8852
1.0000 0.0001 -0.0003 -0.1120 -0.0001 1.0000 0.0000 -0.3081 0.0003 -0.0000 1.0000 -0.9447
1.0000 -0.0010 0.0004 -0.0586 0.0010 1.0000 0.0005 -0.2719 -0.0004 -0.0005 1.0000 -0.9605
1.0000 0.0003 0.0024 0.6394 -0.0003 1.0000 0.0045 0.6778 -0.0024 -0.0045 1.0000 -0.3629
1.0000 -0.0000 -0.0001 -0.9672 0.0000 1.0000 0.0000 -0.1948 0.0001 -0.0000 1.0000 -0.1632
-0.9976 0.0146 0.0677 -0.0346 0.0146 -0.9111 0.4119 -0.2108 0.0678 0.4119 0.9087 -0.9769
1.0000 0.0000 -0.0000 -0.5774 -0.0000 1.0000 0.0000 0.5774 0.0000 -0.0000 1.0000 -0.5774
1.0000 -0.0001 0.0001 -0.3760 0.0001 1.0000 -0.0002 0.3682 -0.0001 0.0002 1.0000 -0.8503
1.0000 0.0001 -0.0000 0.1337 -0.0001 1.0000 -0.0000 0.5505 0.0000 0.0000 1.0000 0.8241
1.0000 -0.0009 0.0004 0.0425 0.0009 1.0000 -0.0016 0.8773 -0.0004 0.0016 1.0000 -0.4780
-0.3333 -0.6667 0.6667 -0.5774 -0.6667 -0.3333 -0.6667 0.5774 0.6667 -0.6667 -0.3333 -0.5774
1.0000 0.0003 -0.0001 -0.1731 -0.0003 1.0000 -0.0001 -0.3720 0.0001 0.0001 1.0000 -0.9119
-0.8335 0.0394 0.5511 -0.2885 0.0393 -0.9907 0.1303 -0.0683 0.5511 0.1303 0.8242 -0.9551
1.0000 0.0000 -0.0000 -0.5774 -0.0000 1.0000 0.0000 0.5774 0.0000 0.0000 1.0000 -0.5774
-0.5021 0.8477 0.1710 0.4982 0.8475 0.4430 0.2924 0.8497 0.1721 0.2918 -0.9409 0.1727
-0.9889 0.0426 -0.1421 0.0734 0.0390 -0.8496 -0.5260 0.2744 -0.1432 -0.5257 0.8385 -0.9588
1.0000 0.0001 -0.0000 0.1242 -0.0001 1.0000 -0.0000 0.2141 0.0000 0.0000 1.0000 0.9689
-0.5307 0.3868 0.7541 -0.4842 0.3867 -0.6813 0.6216 -0.3993 0.7542 0.6215 0.2120 -0.7785
1.0000 0.0000 0.0000 -0.5774 -0.0000 1.0000 -0.0000 0.5774 0.0000 0.0000 1.0000 -0.5774
1.0000 0.0001 0.0004 0.1957 -0.0001 1.0000 0.0001 0.3906 -0.0004 -0.0001 1.0000 0.8995
-0.9601 -0.2637 0.0930 -0.1425 -0.2638 0.7432 -0.6148 0.9326 0.0930 -0.6149 -0.7831 -0.3316
1.0000 0.0004 0.0000 -0.2130 -0.0004 1.0000 0.0001 0.8699 -0.0000 -0.0001 1.0000 0.4449
-0.0078 -0.5724 -0.8199 -0.7043 -0.5726 -0.6697 0.4730 0.4063 -0.8198 0.4732 -0.3225 0.5821
-0.9996 0.0249 0.0127 0.0143 0.0257 0.6361 0.7712 0.9046 0.0111 0.7712 -0.6365 0.4259
1.0000 0.0000 -0.0000 0.5774 -0.0000 1.0000 -0.0000 -0.5774 0.0000 -0.0000 1.0000 0.5774
1.0000 -0.0009 -0.0011 0.0966 0.0009 1.0000 -0.0001 -0.5793 0.0011 0.0001 1.0000 -0.8093
-0.9242 -0.3700 0.0945 -0.1945 -0.3700 0.8065 -0.4611 0.9499 0.0944 -0.4611 -0.8823 -0.2446
1.0000 -0.0006 0.0000 -0.0152 0.0006 1.0000 -0.0003 -0.6374 -0.0000 0.0003 1.0000 -0.7704
-0.3333 -0.6667 0.6667 -0.5774 -0.6667 -0.3333 -0.6667 0.5774 0.6667 -0.6667 -0.3333 -0.5774
1.0000 0.0000 0.0009 0.2178 -0.0000 1.0000 -0.0003 0.4003 -0.0009 0.0003 1.0000 0.8901
1.0000 -0.0000 -0.0001 -0.0268 0.0000 1.0000 -0.0000 -0.3921 0.0001 0.0000 1.0000 -0.9195
1.0000 0.0000 0.0000 -0.5774 0.0000 1.0000 -0.0000 0.5774 -0.0000 0.0000 1.0000 -0.5774
-0.8227 0.4931 0.2828 0.2978 0.4933 0.3722 0.7862 0.8282 0.2825 0.7863 -0.5495 0.4747
1.0000 -0.0019 0.0009 -0.0746 0.0019 1.0000 0.0005 0.3867 -0.0009 -0.0005 1.0000 -0.9192
1.0000 0.0000 0.0001 0.2046 -0.0000 1.0000 0.0001 0.5065 -0.0001 -0.0001 1.0000 0.8376
-0.3333 -0.6667 0.6667 -0.5774 -0.6667 -0.3333 -0.6667 0.5774 0.6667 -0.6667 -0.3333 -0.5774
0.3642 0.0191 -0.9311 -0.8259 0.0190 -0.9997 -0.0130 -0.0116 -0.9311 -0.0130 -0.3645 0.5637
1.0000 -0.0001 -0.0005 -0.5211 0.0001 1.0000 -0.0002 -0.4972 0.0005 0.0002 1.0000 -0.6937
1.0000 -0.0000 0.0000 -0.5774 -0.0000 1.0000 -0.0000 0.5774 -0.0000 0.0000 1.0000 -0.5774
1.0000 0.0000 0.0001 0.0396 -0.0000 1.0000 0.0000 0.3533 -0.0001 -0.0000 1.0000 0.9347
1.0000 0.0000 -0.0000 0.0406 -0.0000 1.0000 0.0002 0.9531 0.0000 -0.0002 1.0000 -0.3000
1.0000 0.0008 0.0027 -0.9908 -0.0008 1.0000 0.0003 -0.1350 -0.0027 -0.0003 1.0000 0.0020
1.0000 0.0000 -0.0000 -0.5774 0.0000 1.0000 0.0000 0.5774 0.0000 -0.0000 1.0000 -0.5774
1.0000 0.0010 -0.0007 -0.1629 -0.0010 1.0000 0.0010 0.2460 0.0007 -0.0010 1.0000 -0.9555
1.0000 0.0002 -0.0001 -0.1465 -0.0002 1.0000 0.0000 0.7256 0.0001 -0.0000 1.0000 -0.6724
1.0000 -0.0009 -0.0007 -0.0207 0.0009 1.0000 0.0007 0.2971 0.0007 -0.0007 1.0000 0.9546
-0.3333 -0.6667 0.6667 0.5774 -0.6667 -0.3333 -0.6667 -0.5774 0.6667 -0.6667 -0.3333 0.5774
1.0000 -0.0006 -0.0017 -0.9491 0.0006 1.0000 0.0006 0.3118 0.0017 -0.0006 1.0000 -0.0440
1.0000 0.0000 -0.0001 -0.6510 -0.0000 1.0000 -0.0000 -0.3909 0.0001 0.0000 1.0000 -0.6507
1.0000 0.0000 0.0000 -0.5774 0.0000 1.0000 0.0000 0.5774 -0.0000 0.0000 1.0000 -0.5774
1.0000 -0.0002 0.0000 -0.1147 0.0002 1.0000 -0.0001 -0.4219 -0.0000 0.0001 1.0000 -0.8994
-0.4956 -0.7038 0.5090 -0.5025 -0.7041 -0.0177 -0.7099 0.7008 0.5086 -0.7102 -0.4868 -0.5063
1.0000 0.0000 0.0000 -0.5774 -0.0000 1.0000 0.0000 0.5774 0.0000 -0.0000 1.0000 -0.5774
1.0000 0.0000 -0.0000 0.3567 -0.0000 1.0000 0.0001 0.5571 0.0000 -0.0001 1.0000 0.7500
1.0000 -0.0015 -0.0040 0.9012 0.0015 1.0000 -0.0009 0.0713 0.0040 0.0009 1.0000 -0.4276
-0.0643 0.4360 0.8976 -0.6840 0.4360 -0.7968 0.4183 -0.3187 0.8976 0.4183 -0.1389 -0.6562
-0.3333 -0.6667 0.6667 0.5774 -0.6667 -0.3333 -0.6667 -0.5774 0.6667 -0.6667 -0.3333 0.5774
1.0000 0.0000 0.0000 -0.0636 -0.0000 1.0000 -0.0000 -0.4334 -0.0000 0.0000 1.0000 -0.8989
-0.9239 0.0922 0.3713 -0.1949 0.0926 -0.8877 0.4509 -0.2369 0.3712 0.4510 0.8117 -0.9518
1.0000 -0.0001 -0.0000 0.1777 0.0001 1.0000 -0.0001 0.2969 0.0000 0.0001 1.0000 0.9382
-0.3333 -0.6667 0.6667 -0.5774 -0.6667 -0.3333 -0.6667 0.5774 0.6667 -0.6667 -0.3333 -0.5774
1.0000 -0.0000 0.0000 -0.0473 0.0000 1.0000 0.0000 -0.3380 -0.0000 -0.0000 1.0000 -0.9400
1.0000 -0.0008 -0.0003 0.3817 0.0008 1.0000 0.0001 0.4544 0.0003 -0.0001 1.0000 0.8049
0.4622 -0.1535 -0.8734 -0.8545 -0.1537 -0.9839 0.0916 0.0904 -0.8734 0.0919 -0.4783 0.5116
1.0000 -0.0000 0.0000 -0.5774 -0.0000 1.0000 -0.0000 0.5774 -0.0000 0.0000 1.0000 -0.5774
1.0000 -0.0001 -0.0002 -0.0131 0.0001 1.0000 0.0000 0.5485 0.0002 -0.0000 1.0000 0.8361
1.0000 0.0002 0.0001 -0.0039 -0.0002 1.0000 -0.0000 -0.3884 -0.0001 0.0000 1.0000 -0.9215
1.0000 -0.0000 0.0000 -0.5774 0.0000 1.0000 -0.0000 0.5774 -0.0000 0.0000 1.0000 -0.5774
1.0000 0.0000 0.0003 0.4836 -0.0000 1.0000 -0.0000 -0.2479 -0.0003 0.0000 1.0000 -0.8395
1.0000 0.0000 -0.0000 -0.2643 -0.0000 1.0000 0.0000 0.4247 0.0000 -0.0000 1.0000 0.8659
1.0000 -0.0003 -0.0006 0.2840 0.0003 1.0000 -0.0002 0.4080 0.0006 0.0002 1.0000 0.8677
1.0000 -0.0000 -0.0000 0.5774 0.0000 1.0000 0.0000 -0.5774 0.0000 -0.0000 1.0000 0.5774
1.0000 0.0011 0.0002 0.6159 -0.0011 1.0000 0.0008 0.7875 -0.0002 -0.0008 1.0000 0.0235
1.0000 0.0001 -0.0000 0.5201 -0.0001 1.0000 -0.0000 -0.3049 0.0000 0.0000 1.0000 -0.7978
1.0000 -0.0001 -0.0000 -0.5420 0.0001 1.0000 -0.0000 -0.5125 0.0000 0.0000 1.0000 -0.6660
-0.3333 -0.6667 0.6667 -0.5774 -0.6667 -0.3333 -0.6667 0.5774 0.6667 -0.6667 -0.3333 -0.5774
-0.9401 0.3077 -0.1466 0.1730 0.3076 0.5810 -0.7535 0.8892 -0.1466 -0.7535 -0.6409 -0.4235
-0.8294 -0.1614 -0.5349 0.2921 -0.1614 -0.8473 0.5059 -0.2763 -0.5348 0.5059 0.6767 -0.9156
0.1507 0.6959 0.7021 -0.7586 0.6959 -0.5791 0.4246 -0.4587 0.7021 0.4246 -0.5716 -0.4628
-0.3333 -0.6667 0.6667 0.5774 -0.6667 -0.3333 -0.6667 -0.5774 0.6667 -0.6667 -0.3333 0.5774
1.0000 0.0003 0.0001 0.5148 -0.0003 1.0000 0.0001 -0.1627 -0.0001 -0.0001 1.0000 -0.8418
1.0000 0.0000 -0.0000 -0.5217 -0.0000 1.0000 0.0000 -0.4032 0.0000 -0.0000 1.0000 -0.7518
1.0000 -0.0000 0.0000 -0.5774 0.0000 1.0000 -0.0000 0.5774 -0.0000 -0.0000 1.0000 -0.5774
0.0921 -0.9574 -0.2736 -0.7397 -0.9576 -0.1606 0.2394 0.6471 -0.2731 0.2399 -0.9316 0.1846
0.4195 0.7013 0.5763 -0.8425 0.7014 -0.6535 0.2847 -0.4162 0.5763 0.2848 -0.7660 -0.3420
1.0000 0.0002 0.0000 0.2188 -0.0002 1.0000 0.0000 0.7441 -0.0000 -0.0000 1.0000 0.6312
1.0000 0.0014 -0.0004 0.1632 -0.0014 1.0000 0.0005 0.8835 0.0004 -0.0005 1.0000 0.4391
-0.3333 -0.6667 0.6667 0.5774 -0.6667 -0.3333 -0.6667 -0.5774 0.6667 -0.6667 -0.3333 0.5774
0.5791 0.1409 -0.8030 -0.8886 0.1409 -0.9874 -0.0717 -0.0793 -0.8030 -0.0716 -0.5917 0.4519
1.0000 -0.0010 -0.0001 0.3022 0.0010 1.0000 0.0005 0.3657 0.0001 -0.0005 1.0000 0.8803
-0.9535 -0.1273 -0.2731 -0.1525 -0.1273 -0.6514 0.7480 0.4175 -0.2731 0.7480 0.6049 0.8958
-0.2363 -0.2408 -0.9414 0.6180 -0.2408 -0.9241 0.2968 -0.1949 -0.9414 0.2969 0.1604 -0.7616
1.0000 -0.0000 0.0000 0.5774 -0.0000 1.0000 -0.0000 -0.5774 -0.0000 0.0000 1.0000 0.5774
1.0000 -0.0021 -0.0004 -0.7240 0.0021 1.0000 -0.0010 -0.6738 0.0004 0.0010 1.0000 -0.1480
1.0000 -0.0016 -0.0042 -0.9683 0.0016 1.0000 -0.0009 -0.0751 0.0042 0.0009 1.0000 0.2381
1.0000 0.0004 -0.0003 -0.0558 -0.0004 1.0000 0.0011 0.9162 0.0003 -0.0011 1.0000 -0.3968
1.0000 0.0001 0.0001 0.2241 -0.0001 1.0000 0.0000 0.5742 -0.0001 -0.0000 1.0000 0.7874
1.0000 -0.0000 0.0000 0.5774 -0.0000 1.0000 -0.0000 -0.5774 -0.0000 0.0000 1.0000 0.5774
1.0000 -0.0003 0.0001 -0.2311 0.0003 1.0000 0.0001 -0.1037 -0.0001 -0.0001 1.0000 -0.9674
1.0000 -0.0001 0.0000 0.0298 0.0001 1.0000 -0.0000 0.2884 -0.0000 0.0000 1.0000 0.9570
1.0000 -0.0003 0.0001 -0.1782 0.0003 1.0000 -0.0002 0.2022 -0.0001 0.0002 1.0000 -0.9630
1.0000 -0.0000 0.0000 0.5774 0.0000 1.0000 0.0000 -0.5774 0.0000 -0.0000 1.0000 0.5774
1.0000 -0.0000 -0.0000 -0.5118 0.0000 1.0000 0.0000 -0.3180 0.0000 -0.0000 1.0000 -0.7981
-0.9969 -0.0743 0.0258 -0.0390 -0.0743 0.7827 -0.6179 0.9440 0.0258 -0.6179 -0.7858 -0.3277
1.0000 -0.0000 0.0001 -0.0963 0.0000 1.0000 -0.0000 -0.1793 -0.0001 0.0000 1.0000 -0.9791
1.0000 -0.0000 0.0000 -0.5774 -0.0000 1.0000 -0.0000 0.5774 -0.0000 0.0000 1.0000 -0.5774
1.0000 -0.0006 0.0004 -0.1073 0.0006 1.0000 0.0003 -0.2783 -0.0004 -0.0003 1.0000 -0.9545
1.0000 -0.0000 -0.0000 -0.2469 0.0000 1.0000 0.0000 -0.4659 0.0000 -0.0000 1.0000 -0.8497
1.0000 -0.0002 0.0001 -0.0692 0.0002 1.0000 -0.0001 -0.3589 -0.0001 0.0001 1.0000 -0.9308
1.0000 -0.0000 0.0000 -0.5774 0.0000 1.0000 0.0000 0.5774 -0.0000 0.0000 1.0000 -0.5774
1.0000 0.0000 0.0004 -0.3289 -0.0000 1.0000 -0.0001 -0.3811 -0.0004 0.0001 1.0000 -0.8641
1.0000 0.0012 -0.0009 -0.1589 -0.0012 1.0000 0.0031 0.9190 0.0009 -0.0031 1.0000 -0.3607
1.0000 -0.0000 -0.0001 0.0958 0.0000 1.0000 0.0001 0.3286 0.0001 -0.0001 1.0000 0.9396
1.0000 -0.0000 0.0000 -0.5774 0.0000 1.0000 -0.0000 0.5774 -0.0000 0.0000 1.0000 -0.5774
1.0000 -0.0025 0.0000 0.7786 0.0025 1.0000 0.0001 0.1409 -0.0000 -0.0001 1.0000 0.6115
-0.1264 0.9868 0.1017 0.6610 0.9868 0.1145 0.1148 0.7465 0.1016 0.1149 -0.9882 0.0766
1.0000 -0.0003 0.0001 0.1024 0.0003 1.0000 0.0005 0.9629 -0.0001 -0.0005 1.0000 -0.2498
1.0000 -0.0000 0.0000 -0.1155 0.0000 1.0000 0.0000 -0.5443 -0.0000 -0.0000 1.0000 -0.8309
1.0000 0.0001 0.0006 0.5497 -0.0001 1.0000 0.0000 0.2972 -0.0006 -0.0000 1.0000 0.7807
1.0000 -0.0002 0.0006 0.5368 0.0002 1.0000 0.0005 0.4288 -0.0006 -0.0005 1.0000 -0.7266
1.0000 0.0000 -0.0001 -0.1745 -0.0000 1.0000 0.0000 -0.3386 0.0001 -0.0000 1.0000 -0.9246
1.0000 0.0042 0.0010 0.3844 -0.0042 1.0000 0.0037 0.8954 -0.0010 -0.0037 1.0000 0.2247
-0.8450 0.2850 -0.4524 0.2775 0.2839 -0.4778 -0.8313 0.5119 -0.4531 -0.8309 0.3229 -0.8130
-0.3333 -0.6667 0.6667 -0.5774 -0.6667 -0.3333 -0.6667 0.5774 0.6667 -0.6667 -0.3333 -0.5774
-0.5902 0.8069 -0.0230 0.4526 0.8069 0.5889 -0.0456 0.8914 -0.0232 -0.0455 -0.9987 -0.0252
-0.9442 -0.3253 0.0521 -0.1672 -0.3253 0.8954 -0.3039 0.9736 0.0522 -0.3039 -0.9513 -0.1556
-0.3333 -0.6667 0.6667 -0.5774 -0.6667 -0.3333 -0.6667 0.5774 0.6667 -0.6667 -0.3333 -0.5774
1.0000 0.0009 -0.0001 0.2351 -0.0009 1.0000 -0.0001 0.8306 0.0001 0.0001 1.0000 0.5047
1.0000 -0.0000 -0.0000 0.0601 0.0000 1.0000 0.0000 0.2782 0.0000 -0.0000 1.0000 0.9586
1.0000 -0.0001 0.0003 -0.1562 0.0001 1.0000 -0.0002 -0.4336 -0.0003 0.0002 1.0000 -0.8875
1.0000 0.0005 -0.0002 0.0060 -0.0005 1.0000 0.0000 -0.2715 0.0002 -0.0000 1.0000 -0.9624
1.0000 0.0000 -0.0000 0.5774 -0.0000 1.0000 -0.0000 -0.5774 0.0000 -0.0000 1.0000 0.5774
1.0000 0.0001 -0.0004 0.1552 -0.0001 1.0000 0.0002 0.4635 0.0004 -0.0002 1.0000 0.8724
1.0000 -0.0003 -0.0007 0.3742 0.0003 1.0000 -0.0001 0.3692 0.0007 0.0001 1.0000 0.8506
1.0000 -0.0000 0.0000 -0.5774 -0.0000 1.0000 -0.0000 0.5774 -0.0000 0.0000 1.0000 -0.5774
1.0000 0.0001 0.0001 -0.0640 -0.0001 1.0000 -0.0001 -0.3087 -0.0001 0.0001 1.0000 -0.9490
-0.9982 -0.0308 -0.0518 0.0304 -0.0320 -0.4571 0.8888 -0.5210 -0.0511 0.8889 0.4553 -0.8530
0.5421 -0.5458 -0.6389 -0.8786 -0.5458 -0.8068 0.2261 0.3103 -0.6389 0.2262 -0.7353 0.3630
-0.3333 -0.6667 0.6667 -0.5774 -0.6667 -0.3333 -0.6667 0.5774 0.6667 -0.6667 -0.3333 -0.5774
1.0000 -0.0001 0.0002 0.6515 0.0001 1.0000 0.0003 0.7465 -0.0002 -0.0003 1.0000 -0.1350
1.0000 -0.0000 -0.0008 -0.2341 0.0000 1.0000 0.0002 0.3762 0.0008 -0.0002 1.0000 0.8965
1.0000 0.0000 0.0000 -0.1078 -0.0000 1.0000 0.0000 0.4108 -0.0000 -0.0000 1.0000 0.9053
1.0000 0.0000 -0.0000 -0.5774 -0.0000 1.0000 -0.0000 0.5774 -0.0000 0.0000 1.0000 -0.5774
1.0000 -0.0002 -0.0001 0.0378 0.0002 1.0000 -0.0002 -0.2831 0.0001 0.0002 1.0000 -0.9583
-0.9996 -0.0105 0.0270 -0.0144 -0.0102 -0.7459 -0.6660 0.3564 0.0271 -0.6660 0.7455 -0.9342
1.0000 -0.0002 0.0007 -0.0284 0.0002 1.0000 -0.0004 0.3874 -0.0007 0.0004 1.0000 0.9215
-0.3333 -0.6667 0.6667 0.5774 -0.6667 -0.3333 -0.6667 -0.5774 0.6667 -0.6667 -0.3333 0.5774
-0.9804 -0.1908 0.0482 -0.0983 -0.1909 0.8624 -0.4689 0.9647 0.0479 -0.4689 -0.8820 -0.2443
1.0000 0.0013 0.0004 0.2030 -0.0013 1.0000 -0.0005 0.9104 -0.0004 0.0005 1.0000 0.3606
1.0000 0.0003 0.0002 0.1678 -0.0003 1.0000 0.0000 0.5360 -0.0002 -0.0000 1.0000 0.8274
1.0000 -0.0000 -0.0000 -0.5774 0.0000 1.0000 0.0000 0.5774 0.0000 -0.0000 1.0000 -0.5774
-0.4028 0.4212 0.8126 -0.5464 0.4211 -0.7030 0.5731 -0.3854 0.8127 0.5730 0.1058 -0.7436
1.0000 0.0000 0.0002 0.6050 -0.0000 1.0000 0.0000 -0.2210 -0.0002 -0.0000 1.0000 -0.7649
-0.3333 -0.6667 0.6667 -0.5774 -0.6667 -0.3333 -0.6667 0.5774 0.6667 -0.6667 -0.3333 -0.5774
1.0000 0.0000 0.0000 -0.2636 -0.0000 1.0000 0.0000 0.4498 -0.0000 -0.0000 1.0000 -0.8534
-0.9864 0.1300 0.1002 0.0818 0.1294 0.2407 0.9619 0.7876 0.1009 0.9619 -0.2542 0.6107
0.0140 0.3306 0.9437 -0.7120 0.3306 -0.8922 0.3076 -0.2321 0.9437 0.3076 -0.1218 -0.6627
1.0000 0.0000 -0.0000 0.5774 -0.0000 1.0000 0.0000 -0.5774 0.0000 -0.0000 1.0000 0.5774
0.0601 -0.6269 -0.7768 -0.7281 -0.6269 -0.6293 0.4593 0.4305 -0.7768 0.4593 -0.4308 0.5334
-0.7411 -0.1522 0.6539 -0.3589 -0.1488 -0.9125 -0.3810 0.2093 0.6547 -0.3797 0.6536 -0.9096
-0.6921 0.0025 0.7218 -0.3923 0.0028 -1.0000 0.0062 -0.0033 0.7218 0.0063 0.6921 -0.9198
-0.3333 -0.6667 0.6667 -0.5774 -0.6667 -0.3333 -0.6667 0.5774 0.6667 -0.6667 -0.3333 -0.5774
1.0000 0.0005 -0.0003 -0.4143 -0.0005 1.0000 0.0000 0.1621 0.0003 -0.0000 1.0000 0.8956
-0.9966 -0.0705 -0.0423 -0.0432 -0.0714 0.4870 0.8705 0.8617 -0.0407 0.8706 -0.4904 0.5055
1.0000 -0.0000 0.0000 0.5774 0.0000 1.0000 -0.0000 -0.5774 -0.0000 0.0000 1.0000 0.5774
1.0000 0.0006 -0.0002 0.0769 -0.0006 1.0000 0.0001 0.2231 0.0002 -0.0001 1.0000 -0.9718
1.0000 -0.0012 0.0007 -0.7263 0.0012 1.0000 -0.0001 -0.4569 -0.0007 0.0001 1.0000 -0.5136
1.0000 0.0001 0.0001 0.3042 -0.0001 1.0000 0.0001 0.6421 -0.0001 -0.0001 1.0000 0.7037
1.0000 0.0005 -0.0003 0.1699 -0.0005 1.0000 0.0000 0.2632 0.0003 -0.0000 1.0000 0.9497
-0.3333 -0.6667 0.6667 -0.5774 -0.6667 -0.3333 -0.6667 0.5774 0.6667 -0.6667 -0.3333 -0.5774
1.0000 0.0000 -0.0000 0.5116 -0.0000 1.0000 0.0000 -0.1549 0.0000 -0.0000 1.0000 -0.8452
-0.2132 0.1646 0.9630 -0.6272 0.1647 -0.9655 0.2015 -0.1312 0.9630 0.2015 0.1787 -0.7677
0.3127 -0.7317 -0.6057 -0.8101 -0.7316 -0.5922 0.3376 0.4516 -0.6058 0.3376 -0.7205 0.3739
-0.8858 -0.3817 -0.2638 -0.2392 -0.3820 0.2771 0.8816 0.7991 -0.2634 0.8818 -0.3913 0.5515
1.0000 -0.0000 0.0000 -0.5774 -0.0000 1.0000 -0.0000 0.5774 -0.0000 0.0000 1.0000 -0.5774
1.0000 0.0009 -0.0010 -0.0976 -0.0009 1.0000 -0.0004 0.2987 0.0010 0.0004 1.0000 0.9493
-0.9972 0.0702 -0.0255 0.0364 0.0702 0.7659 -0.6392 0.9397 -0.0253 -0.6392 -0.7686 -0.3400
1.0000 0.0000 -0.0000 0.2043 -0.0000 1.0000 0.0001 0.0271 0.0000 -0.0001 1.0000 0.9785
1.0000 0.0000 -0.0000 -0.5774 -0.0000 1.0000 -0.0000 0.5774 0.0000 -0.0000 1.0000 -0.5774
1.0000 0.0002 -0.0000 0.1969 -0.0002 1.0000 -0.0000 0.3203 0.0000 0.0000 1.0000 0.9266
1.0000 0.0031 -0.0010 -0.0637 -0.0031 1.0000 -0.0021 0.9460 0.0009 0.0021 1.0000 -0.3178
-0.7635 0.4499 0.4634 0.3439 0.4498 -0.1444 0.8814 0.6541 0.4634 0.8813 -0.0921 0.6738
-0.3333 -0.6667 0.6667 -0.5774 -0.6667 -0.3333 -0.6667 0.5774 0.6667 -0.6667 -0.3333 -0.5774
1.0000 0.0003 0.0003 -0.0962 -0.0003 1.0000 0.0000 -0.3713 -0.0003 -0.0000 1.0000 -0.9235
-0.9935 -0.1074 0.0382 -0.0574 -0.1074 0.7701 -0.6289 0.9405 0.0381 -0.6289 -0.7766 -0.3349
1.0000 0.0000 -0.0000 -0.5774 0.0000 1.0000 0.0000 0.5774 0.0000 -0.0000 1.0000 -0.5774
1.0000 0.0000 0.0002 -0.3235 -0.0000 1.0000 0.0001 0.2676 -0.0002 -0.0001 1.0000 0.9076
0.8306 0.2837 -0.4792 -0.9568 0.2837 -0.9560 -0.0743 -0.1485 -0.4792 -0.0742 -0.8746 0.2500
1.0000 -0.0012 0.0004 -0.3329 0.0012 1.0000 0.0000 0.5190 -0.0004 -0.0000 1.0000 0.7872
1.0000 0.0000 0.0000 0.5774 0.0000 1.0000 0.0000 -0.5774 -0.0000 -0.0000 1.0000 0.5774
1.0000 0.0002 -0.0001 -0.1433 -0.0002 1.0000 0.0008 0.9267 0.0001 -0.0008 1.0000 -0.3475
0.2564 -0.4417 0.8597 -0.7926 -0.4417 -0.8447 -0.3022 0.2785 0.8597 -0.3023 -0.4117 -0.5424
-0.8745 -0.1371 0.4652 -0.2501 -0.1362 -0.8512 -0.5069 0.2729 0.4655 -0.5066 0.7257 -0.9289
-0.3333 -0.6667 0.6667 -0.5774 -0.6667 -0.3333 -0.6667 0.5774 0.6667 -0.6667 -0.3333 -0.5774
1.0000 -0.0003 0.0003 -0.0959 0.0003 1.0000 0.0004 -0.6981 -0.0003 -0.0004 1.0000 -0.7096
1.0000 -0.0000 -0.0000 -0.2623 0.0000 1.0000 -0.0000 -0.3344 0.0000 0.0000 1.0000 -0.9052
1.0000 0.0000 -0.0000 0.5774 -0.0000 1.0000 0.0000 -0.5774 0.0000 -0.0000 1.0000 0.5774
1.0000 0.0002 0.0000 0.0568 -0.0002 1.0000 0.0001 0.8373 -0.0000 -0.0001 1.0000 0.5438
0.0141 -0.3528 0.9356 -0.7120 -0.3528 -0.8773 -0.3254 0.2477 0.9356 -0.3255 -0.1369 -0.6570
1.0000 0.0002 -0.0000 0.6235 -0.0002 1.0000 -0.0001 0.7066 0.0000 0.0001 1.0000 -0.3346
1.0000 -0.0000 0.0000 0.5774 -0.0000 1.0000 -0.0000 -0.5774 -0.0000 0.0000 1.0000 0.5774
1.0000 -0.0004 0.0001 -0.6652 0.0004 1.0000 -0.0000 -0.2148 -0.0001 0.0000 1.0000 -0.7151
-0.8688 0.4902 0.0703 0.2561 0.4901 0.8311 0.2628 0.9568 0.0704 0.2628 -0.9623 0.1374
1.0000 0.0002 0.0000 0.2788 -0.0002 1.0000 0.0001 0.6105 -0.0000 -0.0001 1.0000 0.7413
-0.3333 -0.6667 0.6667 -0.5774 -0.6667 -0.3333 -0.6667 0.5774 0.6667 -0.6667 -0.3333 -0.5774
1.0000 -0.0001 0.0001 -0.5064 0.0001 1.0000 0.0001 -0.1945 -0.0001 -0.0001 1.0000 -0.8400
1.0000 -0.0003 0.0000 -0.4283 0.0003 1.0000 -0.0001 0.1509 -0.0000 0.0001 1.0000 0.8909
1.0000 -0.0001 0.0001 0.0169 0.0001 1.0000 -0.0001 -0.2033 -0.0001 0.0001 1.0000 -0.9790
1.0000 -0.0000 -0.0000 -0.5774 0.0000 1.0000 0.0000 0.5774 0.0000 -0.0000 1.0000 -0.5774
1.0000 0.0002 -0.0001 -0.4503 -0.0002 1.0000 0.0002 0.6134 0.0001 -0.0002 1.0000 0.6488
1.0000 0.0002 0.0001 0.2587 -0.0002 1.0000 0.0000 0.6304 -0.0001 -0.0000 1.0000 0.7319
1.0000 0.0001 -0.0001 0.4370 -0.0001 1.0000 0.0001 0.0253 0.0001 -0.0001 1.0000 -0.8991
0.7804 0.5379 -0.3189 -0.9435 0.5379 -0.8375 -0.0963 -0.2848 -0.3188 -0.0964 -0.9429 0.1697
1.0000 -0.0000 0.0000 -0.5774 0.0000 1.0000 -0.0000 0.5774 -0.0000 0.0000 1.0000 -0.5774
-0.8084 -0.5347 -0.2461 -0.3101 -0.5351 0.4932 0.6859 0.8640 -0.2454 0.6862 -0.6848 0.3967
-0.8102 -0.4336 -0.3945 -0.3079 -0.4325 -0.0120 0.9015 0.7028 -0.3956 0.9010 -0.1778 0.6413
1.0000 -0.0000 0.0000 0.5774 0.0000 1.0000 0.0000 -0.5774 0.0000 0.0000 1.0000 0.5774
1.0000 -0.0012 0.0002 -0.0045 0.0012 1.0000 0.0005 0.5325 -0.0002 -0.0005 1.0000 0.8464
1.0000 0.0002 0.0002 -0.1947 -0.0002 1.0000 -0.0001 -0.3677 -0.0002 0.0001 1.0000 -0.9093
-0.3333 -0.6667 0.6667 0.5774 -0.6667 -0.3333 -0.6667 -0.5774 0.6667 -0.6667 -0.3333 0.5774
1.0000 0.0001 0.0001 -0.1435 -0.0001 1.0000 -0.0000 -0.4484 -0.0001 0.0000 1.0000 -0.8822
1.0000 0.0016 0.0003 0.0435 -0.0016 1.0000 0.0000 0.7649 -0.0003 -0.0000 1.0000 0.6427
1.0000 0.0007 -0.0003 0.1336 -0.0007 1.0000 -0.0007 0.1648 0.0003 0.0007 1.0000 0.9772
-0.3333 -0.6667 0.6667 -0.5774 -0.6667 -0.3333 -0.6667 0.5774 0.6667 -0.6667 -0.3333 -0.5774
1.0000 -0.0002 -0.0002 -0.9902 0.0002 1.0000 -0.0000 0.1399 0.0002 0.0000 1.0000 0.0014
1.0000 0.0003 0.0001 -0.5292 -0.0003 1.0000 0.0000 0.5053 -0.0001 -0.0000 1.0000 0.6817
-0.0120 -0.2044 0.9788 -0.7028 -0.2047 -0.9577 -0.2025 0.1454 0.9788 -0.2028 -0.0303 -0.6963
1.0000 0.0000 0.0000 0.5774 -0.0000 1.0000 -0.0000 -0.5774 0.0000 -0.0000 1.0000 0.5774
1.0000 -0.0000 0.0001 0.0772 0.0000 1.0000 0.0014 0.9751 -0.0001 -0.0014 1.0000 -0.2077
0.9800 -0.0270 -0.1970 -0.9952 -0.0270 -0.9996 0.0027 0.0129 -0.1970 0.0027 -0.9804 0.0973
1.0000 0.0000 -0.0000 -0.6562 -0.0000 1.0000 0.0000 -0.3985 0.0000 -0.0000 1.0000 -0.6407
-0.3333 -0.6667 0.6667 0.5774 -0.6667 -0.3333 -0.6667 -0.5774 0.6667 -0.6667 -0.3333 0.5774
1.0000 -0.0002 -0.0009 -0.1392 0.0002 1.0000 0.0004 0.5121 0.0009 -0.0004 1.0000 0.8476
-0.9960 0.0279 0.0847 -0.0446 0.0278 -0.8057 0.5917 -0.3117 0.0848 0.5917 0.8017 -0.9491
1.0000 -0.0001 0.0000 0.3175 0.0001 1.0000 -0.0001 0.0034 -0.0000 0.0001 1.0000 -0.9483
-0.3333 -0.6667 0.6667 -0.5774 -0.6667 -0.3333 -0.6667 0.5774 0.6667 -0.6667 -0.3333 -0.5774
-0.9975 0.0117 0.0690 -0.0349 0.0120 -0.9427 0.3334 -0.1692 0.0689 0.3334 0.9403 -0.9850
1.0000 0.0000 0.0001 -0.2534 -0.0000 1.0000 0.0000 -0.3837 -0.0001 -0.0000 1.0000 -0.8880
1.0000 0.0001 -0.0005 -0.4722 -0.0001 1.0000 0.0000 -0.2943 0.0005 -0.0000 1.0000 -0.8309
-0.3333 -0.6667 0.6667 0.5774 -0.6667 -0.3333 -0.6667 -0.5774 0.6667 -0.6667 -0.3333 0.5774
1.0000 -0.0000 -0.0001 0.1473 0.0000 1.0000 -0.0000 0.4151 0.0001 0.0000 1.0000 0.8978